000000A6
00000000
00000000
00000001
00000000
00000001
00000001
00000001
00000000
00000000
00000000
00000001
00000000
00000001
00000000
00000000
00000000
00000000
00000000
00000000
00000000
00000004
00000000
00000000
00000000
00000000
00000000
00000000
00000000
00000001
00000000
00000000
00000000
00000000
00000000
00000000
00000000
00000000
00000000
00000000
00000000
00000000
00000089
00000000
00000000
00000000
00000000
00000000
00000000
00000000
00000000
00000000
00000001
00000000
00000000
00000000
00000000
00000001
00000001
00000000
00000000
00000000
00000000
000000A9
00000001
00000000
00000000
00000001
00000000
00000000
00000001
00000001
00000001
00000000
00000000
00000001
00000000
00000000
00000001
00000001
00000000
00000000
00000000
00000000
0000009B
00000000
00000001
00000000
00000000
00000000
00000000
00000001
00000000
00000001
00000001
00000000
00000000
00000001
00000000
00000001
00000001
00000001
00000001
00000001
00000001
00000001
00000001
00000001
00000000
00000000
00000000
00000000
00000000
00000000
00000001
00000000
00000000
00000000
00000001
00000000
00000000
00000000
00000000
00000000
00000000
00000000
00000002
00000000
00000000
00000000
00000000
00000000
00000000
00000000
00000000
00000000
00000000
00000001
00000001
00000000
00000000
00000000
00000000
00000000
00000000
00000000
00000000
00000005
00000000
00000000
00000000
00000000
00000001
00000000
00000000
00000000
00000001
00000000
00000000
00000000
00000000
00000000
00000000
00000000
00000000
00000000
00000000
00000000
00000007
00000000
00000000
00000000
00000000
00000000
00000000
00000000
00000000
00000000
00000000
00000000
00000000
00000000
00000001
00000001
00000000
00000000
00000000
00000000
00000000
00000009
00000000
00000000
00000000
00000000
00000000
00000000
00000000
00000000
00000001
00000000
00000000
00000000
00000001
00000000
00000000
00000000
00000000
00000000
00000000
00000000
0000000A
00000000
00000000
00000000
00000000
00000000
00000000
00000000
00000000
00000000
00000000
00000000
00000000
00000000
00000000
00000000
00000000
00000000
00000001
00000001
00000000
0000000B
00000000
00000000
00000000
00000000
00000000
00000000
00000000
00000000
00000001
00000001
00000000
00000000
00000000
00000000
00000000
00000000
00000000
00000000
00000000
00000000
0000000C
00000001
00000000
00000000
00000000
00000000
00000000
00000000
00000000
00000000
00000000
00000000
00000000
00000000
00000000
00000000
00000000
00000000
00000000
00000000
00000000
0000000F
00000000
00000000
00000000
00000000
00000000
00000001
00000000
00000000
00000000
00000001
00000000
00000000
00000000
00000000
00000000
00000000
00000001
00000000
00000000
00000000
00000010
00000000
00000000
00000000
00000000
00000000
00000000
00000000
00000000
00000000
00000000
00000000
00000000
00000000
00000000
00000000
00000000
00000000
00000000
00000000
00000001
00000011
00000000
00000000
00000000
00000000
00000001
00000000
00000000
00000000
00000000
00000000
00000000
00000000
00000000
00000000
00000000
00000000
00000000
00000000
00000000
00000000
00000012
00000000
00000000
00000000
00000000
00000001
00000000
00000000
00000000
00000000
00000000
00000000
00000000
00000000
00000000
00000000
00000000
00000000
00000000
00000000
00000000
00000013
00000000
00000000
00000000
00000000
00000000
00000000
00000000
00000000
00000001
00000000
00000000
00000000
00000001
00000000
00000000
00000000
00000000
00000000
00000000
00000000
00000014
00000000
00000000
00000000
00000000
00000000
00000000
00000000
00000000
00000000
00000000
00000000
00000000
00000000
00000000
00000000
00000000
00000001
00000001
00000000
00000000
00000017
00000000
00000000
00000000
00000000
00000000
00000000
00000000
00000000
00000000
00000000
00000000
00000001
00000000
00000000
00000000
00000000
00000000
00000000
00000000
00000000
00000018
00000000
00000000
00000000
00000000
00000000
00000000
00000000
00000000
00000000
00000000
00000000
00000000
00000001
00000000
00000000
00000000
00000001
00000000
00000000
00000000
00000019
00000000
00000000
00000000
00000000
00000000
00000000
00000000
00000000
00000001
00000001
00000000
00000000
00000000
00000000
00000000
00000000
00000000
00000000
00000000
00000000
0000001E
00000000
00000000
00000000
00000000
00000000
00000000
00000000
00000000
00000000
00000000
00000000
00000000
00000000
00000000
00000001
00000001
00000000
00000000
00000000
00000000
0000001F
00000000
00000000
00000001
00000000
00000000
00000000
00000001
00000000
00000000
00000000
00000000
00000000
00000000
00000000
00000000
00000000
00000000
00000000
00000000
00000000
00000022
00000001
00000000
00000000
00000000
00000001
00000000
00000000
00000000
00000000
00000000
00000000
00000000
00000000
00000000
00000000
00000000
00000000
00000000
00000000
00000000
00000023
00000000
00000001
00000000
00000000
00000000
00000001
00000000
00000000
00000000
00000000
00000000
00000000
00000000
00000000
00000000
00000000
00000000
00000000
00000000
00000000
00000024
00000000
00000000
00000000
00000000
00000000
00000000
00000000
00000001
00000000
00000000
00000000
00000001
00000000
00000000
00000000
00000000
00000000
00000000
00000000
00000000
00000025
00000000
00000000
00000000
00000000
00000000
00000000
00000000
00000001
00000000
00000000
00000000
00000000
00000000
00000000
00000000
00000000
00000000
00000000
00000000
00000000
00000027
00000000
00000000
00000000
00000001
00000000
00000000
00000000
00000001
00000000
00000000
00000000
00000000
00000000
00000000
00000000
00000000
00000000
00000000
00000000
00000000
00000028
00000000
00000000
00000000
00000000
00000000
00000000
00000000
00000000
00000000
00000000
00000000
00000000
00000001
00000000
00000000
00000000
00000000
00000000
00000000
00000000
0000002C
00000000
00000000
00000001
00000001
00000000
00000000
00000000
00000000
00000000
00000000
00000000
00000000
00000000
00000000
00000000
00000000
00000000
00000000
00000000
00000000
0000002D
00000000
00000000
00000000
00000000
00000000
00000000
00000000
00000000
00000000
00000000
00000000
00000000
00000001
00000000
00000000
00000000
00000001
00000000
00000000
00000000
0000002E
00000000
00000000
00000000
00000000
00000000
00000000
00000000
00000000
00000000
00000000
00000000
00000000
00000000
00000000
00000000
00000001
00000000
00000000
00000000
00000001
0000002F
00000000
00000000
00000000
00000000
00000000
00000000
00000000
00000000
00000000
00000000
00000000
00000000
00000000
00000000
00000000
00000000
00000000
00000000
00000000
00000001
00000031
00000000
00000000
00000000
00000000
00000000
00000000
00000000
00000000
00000000
00000000
00000000
00000000
00000000
00000000
00000000
00000000
00000000
00000001
00000001
00000000
00000032
00000000
00000001
00000000
00000000
00000000
00000001
00000000
00000000
00000000
00000000
00000000
00000000
00000000
00000000
00000000
00000000
00000000
00000000
00000000
00000000
00000034
00000000
00000000
00000000
00000001
00000000
00000000
00000000
00000001
00000000
00000000
00000000
00000000
00000000
00000000
00000000
00000000
00000000
00000000
00000000
00000000
00000035
00000000
00000000
00000000
00000000
00000000
00000000
00000000
00000001
00000000
00000000
00000000
00000000
00000000
00000000
00000000
00000000
00000000
00000000
00000000
00000000
00000036
00000000
00000000
00000001
00000001
00000000
00000000
00000000
00000000
00000000
00000000
00000001
00000000
00000000
00000000
00000001
00000000
00000000
00000000
00000000
00000000
00000037
00000000
00000000
00000000
00000000
00000000
00000000
00000000
00000001
00000000
00000000
00000000
00000001
00000000
00000000
00000000
00000000
00000000
00000000
00000000
00000000
00000038
00000000
00000000
00000000
00000000
00000000
00000000
00000000
00000000
00000000
00000000
00000000
00000000
00000000
00000000
00000000
00000001
00000000
00000000
00000000
00000000
00000039
00000000
00000000
00000000
00000000
00000000
00000000
00000000
00000000
00000000
00000000
00000000
00000000
00000000
00000000
00000000
00000000
00000001
00000001
00000000
00000000
0000003A
00000000
00000000
00000000
00000000
00000000
00000000
00000000
00000000
00000000
00000000
00000000
00000000
00000000
00000000
00000000
00000000
00000001
00000000
00000000
00000000
0000003C
00000000
00000000
00000000
00000000
00000000
00000000
00000000
00000000
00000000
00000000
00000000
00000000
00000000
00000000
00000000
00000001
00000000
00000000
00000000
00000000
0000003E
00000001
00000000
00000000
00000000
00000000
00000000
00000000
00000000
00000000
00000000
00000000
00000000
00000000
00000000
00000000
00000000
00000000
00000000
00000000
00000000
0000003F
00000000
00000000
00000000
00000000
00000000
00000000
00000000
00000000
00000000
00000000
00000000
00000000
00000000
00000000
00000000
00000000
00000001
00000000
00000000
00000000
00000040
00000000
00000000
00000000
00000000
00000000
00000000
00000000
00000000
00000000
00000000
00000000
00000000
00000001
00000000
00000000
00000000
00000001
00000000
00000000
00000000
00000041
00000000
00000000
00000000
00000000
00000000
00000000
00000000
00000000
00000000
00000000
00000000
00000000
00000000
00000000
00000000
00000000
00000000
00000000
00000000
00000001
00000043
00000000
00000000
00000000
00000000
00000000
00000000
00000000
00000000
00000000
00000000
00000000
00000000
00000000
00000000
00000000
00000001
00000000
00000000
00000000
00000001
00000044
00000000
00000000
00000000
00000000
00000001
00000000
00000000
00000000
00000000
00000000
00000000
00000000
00000000
00000000
00000000
00000000
00000000
00000000
00000000
00000000
00000046
00000000
00000000
00000001
00000000
00000000
00000000
00000001
00000000
00000000
00000000
00000000
00000000
00000000
00000000
00000000
00000000
00000000
00000000
00000000
00000000
00000048
00000000
00000000
00000000
00000000
00000000
00000000
00000000
00000000
00000001
00000000
00000000
00000000
00000000
00000000
00000000
00000000
00000000
00000000
00000000
00000000
0000004A
00000000
00000001
00000000
00000000
00000000
00000001
00000000
00000000
00000000
00000000
00000000
00000000
00000000
00000000
00000000
00000000
00000000
00000000
00000000
00000000
0000004B
00000000
00000000
00000000
00000000
00000000
00000000
00000000
00000000
00000000
00000000
00000000
00000000
00000000
00000000
00000000
00000001
00000000
00000000
00000000
00000001
0000004E
00000000
00000000
00000000
00000000
00000000
00000000
00000000
00000000
00000000
00000000
00000000
00000000
00000001
00000000
00000000
00000000
00000001
00000000
00000000
00000000
0000004F
00000000
00000000
00000000
00000001
00000000
00000000
00000000
00000000
00000000
00000000
00000000
00000000
00000000
00000000
00000000
00000000
00000000
00000000
00000000
00000000
00000050
00000000
00000000
00000000
00000000
00000000
00000000
00000000
00000000
00000000
00000000
00000000
00000000
00000000
00000000
00000000
00000000
00000001
00000000
00000000
00000000
00000051
00000000
00000000
00000000
00000000
00000000
00000000
00000000
00000000
00000000
00000000
00000000
00000000
00000000
00000000
00000001
00000001
00000000
00000000
00000000
00000000
00000052
00000000
00000000
00000000
00000000
00000000
00000000
00000000
00000000
00000001
00000000
00000000
00000000
00000000
00000000
00000000
00000000
00000000
00000000
00000000
00000000
00000053
00000000
00000000
00000000
00000000
00000000
00000000
00000000
00000000
00000001
00000000
00000000
00000000
00000001
00000000
00000000
00000000
00000000
00000000
00000000
00000000
00000056
00000000
00000000
00000000
00000000
00000000
00000000
00000000
00000000
00000000
00000000
00000000
00000000
00000000
00000000
00000000
00000001
00000000
00000000
00000000
00000001
00000057
00000000
00000000
00000000
00000000
00000000
00000000
00000000
00000000
00000000
00000000
00000000
00000000
00000000
00000000
00000001
00000000
00000000
00000000
00000001
00000000
00000058
00000000
00000000
00000001
00000000
00000000
00000000
00000001
00000000
00000000
00000000
00000000
00000000
00000000
00000000
00000000
00000000
00000000
00000000
00000000
00000000
00000059
00000000
00000000
00000000
00000000
00000000
00000000
00000000
00000000
00000001
00000000
00000000
00000000
00000001
00000000
00000000
00000000
00000000
00000000
00000000
00000000
0000005A
00000000
00000000
00000000
00000000
00000000
00000000
00000000
00000001
00000000
00000000
00000000
00000000
00000000
00000000
00000000
00000000
00000000
00000000
00000000
00000000
0000003F
00000000
00000000
00000000
00000000
00000000
00000000
00000000
00000000
00000000
00000000
00000000
00000000
00000001
00000001
00000000
00000000
00000000
00000000
00000000
00000000
00000041
00000000
00000000
00000000
00000000
00000000
00000000
00000000
00000000
00000000
00000000
00000000
00000000
00000000
00000001
00000000
00000000
00000001
00000000
00000000
00000000
00000043
00000000
00000000
00000001
00000000
00000000
00000000
00000001
00000000
00000000
00000000
00000000
00000000
00000000
00000000
00000000
00000000
00000000
00000000
00000000
00000000
00000044
00000000
00000000
00000000
00000000
00000000
00000000
00000000
00000000
00000000
00000000
00000001
00000000
00000000
00000001
00000000
00000000
00000000
00000000
00000000
00000000
00000045
00000000
00000000
00000000
00000000
00000000
00000000
00000000
00000000
00000000
00000000
00000000
00000000
00000000
00000000
00000000
00000000
00000000
00000000
00000001
00000001
00000047
00000001
00000001
00000000
00000000
00000000
00000000
00000000
00000000
00000000
00000000
00000000
00000000
00000000
00000000
00000000
00000000
00000000
00000000
00000000
00000000
00000049
00000000
00000000
00000000
00000000
00000000
00000000
00000000
00000000
00000000
00000000
00000000
00000000
00000000
00000000
00000000
00000001
00000000
00000000
00000000
00000001
0000004B
00000000
00000000
00000000
00000001
00000000
00000001
00000000
00000000
00000000
00000000
00000001
00000000
00000000
00000000
00000000
00000000
00000000
00000000
00000001
00000001
0000004C
00000000
00000000
00000000
00000001
00000000
00000000
00000000
00000001
00000000
00000000
00000000
00000000
00000000
00000000
00000000
00000000
00000000
00000000
00000000
00000000
0000004D
00000000
00000000
00000000
00000000
00000000
00000000
00000000
00000000
00000000
00000000
00000000
00000000
00000000
00000000
00000000
00000000
00000000
00000001
00000001
00000000
0000004E
00000000
00000000
00000000
00000000
00000000
00000000
00000000
00000000
00000000
00000000
00000000
00000000
00000000
00000000
00000001
00000000
00000000
00000000
00000000
00000001
0000004F
00000000
00000000
00000000
00000000
00000001
00000001
00000000
00000000
00000000
00000000
00000000
00000000
00000000
00000000
00000000
00000000
00000000
00000000
00000000
00000000
00000050
00000000
00000000
00000000
00000000
00000000
00000000
00000000
00000000
00000000
00000000
00000000
00000000
00000000
00000000
00000001
00000000
00000000
00000000
00000001
00000000
00000051
00000000
00000000
00000000
00000000
00000000
00000000
00000000
00000000
00000000
00000001
00000000
00000001
00000000
00000000
00000000
00000000
00000000
00000000
00000000
00000000
00000052
00000000
00000000
00000000
00000000
00000000
00000000
00000000
00000000
00000000
00000000
00000000
00000000
00000001
00000000
00000000
00000000
00000000
00000000
00000001
00000001
00000054
00000000
00000000
00000000
00000001
00000000
00000000
00000000
00000000
00000000
00000000
00000000
00000000
00000000
00000000
00000000
00000000
00000000
00000000
00000000
00000000
00000056
00000000
00000000
00000000
00000001
00000000
00000000
00000000
00000001
00000000
00000000
00000000
00000000
00000000
00000000
00000000
00000000
00000000
00000000
00000000
00000000
00000057
00000000
00000000
00000000
00000000
00000000
00000000
00000000
00000000
00000000
00000000
00000000
00000000
00000000
00000000
00000000
00000001
00000000
00000000
00000000
00000000
00000058
00000000
00000000
00000000
00000000
00000000
00000000
00000000
00000000
00000001
00000001
00000000
00000000
00000000
00000000
00000000
00000000
00000000
00000000
00000000
00000000
00000059
00000000
00000000
00000000
00000000
00000000
00000000
00000000
00000000
00000000
00000000
00000000
00000000
00000000
00000000
00000000
00000000
00000000
00000000
00000001
00000001
0000005A
00000000
00000000
00000000
00000000
00000000
00000000
00000000
00000000
00000000
00000000
00000000
00000000
00000001
00000000
00000000
00000001
00000001
00000000
00000000
00000001
0000005B
00000000
00000000
00000000
00000000
00000000
00000000
00000000
00000000
00000000
00000000
00000000
00000000
00000000
00000000
00000000
00000000
00000001
00000001
00000000
00000000
0000005C
00000000
00000000
00000000
00000000
00000000
00000000
00000000
00000000
00000000
00000000
00000000
00000000
00000001
00000000
00000000
00000000
00000001
00000000
00000000
00000000
0000005D
00000000
00000000
00000000
00000000
00000000
00000000
00000000
00000000
00000000
00000000
00000001
00000000
00000000
00000000
00000001
00000000
00000000
00000000
00000000
00000000
0000005E
00000000
00000000
00000000
00000000
00000000
00000000
00000001
00000001
00000000
00000000
00000000
00000000
00000000
00000000
00000000
00000001
00000000
00000000
00000000
00000000
00000060
00000001
00000000
00000000
00000000
00000001
00000000
00000000
00000000
00000000
00000000
00000000
00000000
00000000
00000000
00000001
00000001
00000000
00000000
00000000
00000000
00000061
00000000
00000001
00000000
00000000
00000000
00000000
00000000
00000000
00000000
00000000
00000001
00000000
00000000
00000000
00000000
00000000
00000000
00000000
00000000
00000000
00000062
00000001
00000000
00000000
00000000
00000000
00000000
00000000
00000000
00000000
00000000
00000000
00000000
00000000
00000000
00000000
00000000
00000000
00000000
00000000
00000000
00000063
00000000
00000000
00000001
00000000
00000000
00000000
00000001
00000000
00000000
00000001
00000000
00000000
00000000
00000001
00000000
00000000
00000000
00000000
00000000
00000000
00000064
00000000
00000000
00000001
00000000
00000000
00000000
00000001
00000000
00000000
00000000
00000000
00000000
00000000
00000000
00000000
00000000
00000000
00000000
00000000
00000000
00000065
00000000
00000000
00000000
00000000
00000000
00000000
00000000
00000000
00000000
00000000
00000000
00000000
00000000
00000000
00000000
00000000
00000000
00000000
00000001
00000001
00000067
00000000
00000000
00000000
00000000
00000000
00000001
00000001
00000000
00000000
00000000
00000000
00000000
00000000
00000000
00000000
00000000
00000000
00000000
00000000
00000000
0000006A
00000000
00000000
00000000
00000000
00000001
00000001
00000000
00000000
00000000
00000000
00000000
00000000
00000000
00000001
00000000
00000000
00000000
00000001
00000000
00000000
0000006E
00000001
00000000
00000000
00000000
00000000
00000001
00000001
00000000
00000000
00000001
00000001
00000000
00000000
00000000
00000001
00000000
00000000
00000000
00000001
00000000
0000006F
00000000
00000001
00000001
00000000
00000000
00000000
00000000
00000001
00000000
00000000
00000000
00000000
00000000
00000000
00000000
00000000
00000000
00000000
00000000
00000000
00000070
00000000
00000000
00000000
00000000
00000000
00000000
00000000
00000000
00000000
00000000
00000000
00000000
00000001
00000001
00000000
00000000
00000000
00000000
00000000
00000000
00000071
00000000
00000000
00000000
00000000
00000000
00000000
00000000
00000000
00000000
00000000
00000000
00000000
00000000
00000000
00000000
00000000
00000000
00000000
00000001
00000001
00000072
00000001
00000001
00000000
00000000
00000000
00000000
00000000
00000000
00000001
00000000
00000001
00000000
00000000
00000000
00000001
00000000
00000000
00000000
00000000
00000000
00000074
00000000
00000000
00000000
00000000
00000000
00000000
00000000
00000000
00000000
00000000
00000000
00000000
00000000
00000000
00000000
00000000
00000000
00000000
00000001
00000001
00000075
00000000
00000000
00000000
00000000
00000001
00000000
00000000
00000001
00000001
00000000
00000000
00000001
00000000
00000000
00000000
00000000
00000000
00000000
00000000
00000000
00000076
00000001
00000001
00000000
00000000
00000000
00000000
00000000
00000000
00000000
00000000
00000000
00000001
00000000
00000000
00000000
00000000
00000000
00000000
00000000
00000000
00000077
00000000
00000000
00000000
00000000
00000000
00000000
00000000
00000000
00000000
00000000
00000000
00000000
00000001
00000001
00000000
00000000
00000000
00000000
00000000
00000000
00000078
00000000
00000000
00000000
00000000
00000000
00000000
00000000
00000001
00000000
00000000
00000000
00000001
00000000
00000000
00000000
00000000
00000000
00000000
00000000
00000000
0000007B
00000000
00000000
00000000
00000000
00000000
00000000
00000000
00000001
00000000
00000000
00000000
00000000
00000000
00000000
00000001
00000001
00000000
00000000
00000000
00000000
0000007C
00000000
00000000
00000000
00000000
00000000
00000000
00000000
00000000
00000000
00000000
00000001
00000000
00000000
00000000
00000001
00000000
00000000
00000000
00000000
00000000
0000007E
00000001
00000000
00000000
00000000
00000001
00000000
00000000
00000000
00000000
00000000
00000001
00000001
00000000
00000000
00000000
00000000
00000000
00000000
00000000
00000000
0000007F
00000000
00000000
00000001
00000000
00000000
00000000
00000001
00000000
00000001
00000001
00000000
00000000
00000000
00000001
00000000
00000000
00000000
00000000
00000001
00000000
00000080
00000001
00000000
00000000
00000001
00000001
00000000
00000000
00000000
00000000
00000000
00000000
00000000
00000001
00000001
00000000
00000001
00000001
00000000
00000001
00000001
00000081
00000001
00000000
00000000
00000000
00000000
00000000
00000000
00000000
00000000
00000001
00000000
00000001
00000001
00000001
00000001
00000001
00000001
00000001
00000001
00000000
00000082
00000000
00000000
00000001
00000000
00000001
00000000
00000001
00000000
00000000
00000000
00000000
00000000
00000000
00000000
00000001
00000000
00000000
00000000
00000000
00000001
00000083
00000000
00000000
00000000
00000000
00000001
00000001
00000000
00000001
00000000
00000000
00000000
00000000
00000000
00000001
00000001
00000000
00000001
00000001
00000000
00000000
00000084
00000000
00000001
00000000
00000000
00000001
00000001
00000000
00000001
00000001
00000001
00000000
00000001
00000000
00000000
00000000
00000001
00000000
00000000
00000001
00000001
00000085
00000001
00000000
00000000
00000000
00000000
00000001
00000000
00000001
00000000
00000000
00000000
00000001
00000001
00000001
00000001
00000000
00000001
00000001
00000001
00000001
00000086
00000000
00000000
00000000
00000001
00000000
00000001
00000001
00000001
00000000
00000000
00000001
00000001
00000001
00000000
00000000
00000000
00000001
00000001
00000000
00000000
00000087
00000000
00000001
00000001
00000001
00000001
00000000
00000000
00000000
00000001
00000000
00000001
00000001
00000000
00000000
00000001
00000000
00000000
00000000
00000000
00000000
00000088
00000001
00000000
00000001
00000000
00000000
00000000
00000001
00000001
00000001
00000001
00000000
00000001
00000001
00000001
00000000
00000001
00000000
00000001
00000000
00000000
00000089
00000000
00000000
00000000
00000000
00000000
00000000
00000000
00000000
00000001
00000000
00000000
00000000
00000001
00000000
00000000
00000000
00000000
00000001
00000000
00000000
0000008A
00000000
00000001
00000000
00000001
00000000
00000000
00000001
00000000
00000001
00000001
00000000
00000000
00000001
00000000
00000000
00000001
00000001
00000000
00000000
00000001
0000008B
00000000
00000001
00000001
00000001
00000000
00000001
00000000
00000001
00000001
00000001
00000000
00000000
00000001
00000000
00000000
00000001
00000000
00000001
00000001
00000000
0000008C
00000000
00000000
00000001
00000001
00000000
00000001
00000000
00000001
00000001
00000000
00000001
00000001
00000001
00000001
00000001
00000001
00000000
00000000
00000001
00000000
0000008D
00000000
00000000
00000000
00000000
00000000
00000000
00000000
00000000
00000000
00000000
00000000
00000000
00000001
00000000
00000000
00000000
00000000
00000001
00000001
00000000
0000008E
00000000
00000000
00000001
00000001
00000001
00000001
00000001
00000000
00000000
00000001
00000001
00000000
00000001
00000000
00000000
00000000
00000001
00000001
00000000
00000000
0000008F
00000000
00000001
00000001
00000001
00000001
00000000
00000001
00000000
00000000
00000000
00000001
00000001
00000001
00000001
00000000
00000000
00000001
00000001
00000001
00000000
00000090
00000001
00000000
00000001
00000000
00000000
00000000
00000001
00000000
00000000
00000000
00000001
00000000
00000001
00000001
00000001
00000001
00000000
00000000
00000001
00000000
00000091
00000000
00000000
00000001
00000000
00000001
00000000
00000001
00000000
00000000
00000000
00000000
00000000
00000000
00000000
00000000
00000000
00000001
00000000
00000001
00000001
00000092
00000001
00000000
00000000
00000000
00000001
00000000
00000001
00000001
00000001
00000001
00000001
00000001
00000001
00000000
00000000
00000000
00000001
00000000
00000000
00000001
00000093
00000000
00000000
00000000
00000001
00000001
00000001
00000001
00000000
00000000
00000000
00000001
00000000
00000000
00000000
00000000
00000001
00000000
00000000
00000000
00000000
00000094
00000001
00000001
00000000
00000000
00000001
00000001
00000000
00000000
00000001
00000001
00000000
00000000
00000001
00000001
00000001
00000000
00000001
00000001
00000000
00000000
00000095
00000001
00000001
00000001
00000001
00000001
00000001
00000001
00000000
00000000
00000001
00000000
00000000
00000000
00000001
00000000
00000000
00000001
00000000
00000001
00000001
00000096
00000000
00000001
00000000
00000000
00000001
00000000
00000001
00000001
00000000
00000001
00000001
00000001
00000000
00000000
00000001
00000000
00000000
00000000
00000000
00000000
00000097
00000001
00000000
00000000
00000001
00000001
00000000
00000000
00000001
00000001
00000000
00000001
00000000
00000000
00000001
00000001
00000001
00000000
00000001
00000001
00000000
00000098
00000000
00000000
00000001
00000001
00000001
00000001
00000001
00000000
00000001
00000001
00000001
00000000
00000000
00000001
00000001
00000000
00000000
00000000
00000001
00000001
00000099
00000000
00000001
00000000
00000000
00000001
00000000
00000000
00000000
00000000
00000001
00000000
00000001
00000001
00000000
00000001
00000000
00000001
00000000
00000000
00000000
0000009A
00000001
00000000
00000000
00000001
00000000
00000001
00000000
00000001
00000000
00000000
00000001
00000000
00000000
00000001
00000000
00000001
00000000
00000000
00000000
00000001
0000009C
00000000
00000000
00000001
00000001
00000000
00000000
00000001
00000000
00000000
00000000
00000001
00000001
00000000
00000000
00000001
00000000
00000000
00000001
00000001
00000000
0000009D
00000001
00000001
00000001
00000000
00000000
00000000
00000001
00000000
00000000
00000001
00000001
00000000
00000000
00000000
00000001
00000000
00000001
00000001
00000001
00000000
0000009E
00000000
00000000
00000001
00000001
00000001
00000000
00000000
00000001
00000000
00000000
00000001
00000000
00000001
00000000
00000000
00000000
00000000
00000000
00000000
00000000
0000009F
00000001
00000001
00000001
00000000
00000001
00000001
00000000
00000000
00000000
00000000
00000000
00000001
00000000
00000000
00000001
00000001
00000000
00000000
00000001
00000001
000000A0
00000000
00000001
00000001
00000000
00000001
00000000
00000000
00000000
00000000
00000001
00000000
00000001
00000001
00000000
00000000
00000000
00000000
00000000
00000001
00000000
000000A1
00000000
00000000
00000000
00000000
00000000
00000000
00000000
00000000
00000000
00000000
00000000
00000000
00000001
00000000
00000000
00000000
00000000
00000001
00000001
00000000
000000A2
00000001
00000000
00000001
00000000
00000001
00000000
00000000
00000000
00000000
00000001
00000000
00000000
00000001
00000001
00000001
00000000
00000001
00000000
00000000
00000000
000000A3
00000000
00000001
00000001
00000000
00000000
00000000
00000001
00000001
00000000
00000001
00000000
00000000
00000000
00000001
00000000
00000001
00000001
00000001
00000000
00000000
000000A4
00000000
00000001
00000001
00000000
00000001
00000001
00000000
00000000
00000000
00000000
00000000
00000000
00000000
00000001
00000000
00000000
00000000
00000001
00000000
00000000
000000A5
00000001
00000000
00000001
00000000
00000000
00000001
00000000
00000001
00000000
00000000
00000000
00000000
00000000
00000000
00000000
00000001
00000000
00000000
00000000
00000000
000000A7
00000000
00000000
00000000
00000001
00000001
00000000
00000000
00000001
00000000
00000001
00000001
00000000
00000000
00000001
00000001
00000000
00000000
00000000
00000000
00000001
000000A8
00000001
00000001
00000001
00000001
00000000
00000000
00000001
00000000
00000000
00000000
00000000
00000000
00000000
00000000
00000000
00000001
00000000
00000000
00000001
00000000
000000AA
00000001
00000000
00000000
00000000
00000000
00000001
00000001
00000000
00000000
00000000
00000000
00000001
00000000
00000000
00000001
00000001
00000000
00000001
00000000
00000000
000000AB
00000000
00000001
00000000
00000000
00000000
00000000
00000001
00000001
00000000
00000000
00000001
00000001
00000000
00000001
00000000
00000001
00000001
00000001
00000000
00000001
000000AC
00000000
00000000
00000000
00000000
00000000
00000000
00000000
00000000
00000000
00000000
00000000
00000000
00000000
00000000
00000000
00000000
00000000
00000000
00000001
00000001
000000AD
00000000
00000000
00000000
00000000
00000000
00000000
00000001
00000001
00000000
00000000
00000001
00000001
00000000
00000000
00000001
00000001
00000000
00000000
00000001
00000001
000000AE
00000001
00000000
00000001
00000000
00000001
00000001
00000001
00000000
00000000
00000001
00000000
00000000
00000000
00000000
00000001
00000000
00000000
00000000
00000000
00000000
000000AF
00000001
00000001
00000001
00000001
00000001
00000001
00000000
00000000
00000001
00000001
00000000
00000000
00000000
00000000
00000001
00000000
00000001
00000001
00000000
00000000
000000B0
00000000
00000000
00000000
00000001
00000001
00000001
00000001
00000000
00000000
00000000
00000000
00000000
00000000
00000000
00000000
00000001
00000000
00000000
00000001
00000000
000000B1
00000001
00000000
00000001
00000001
00000001
00000000
00000001
00000001
00000000
00000000
00000001
00000000
00000001
00000001
00000000
00000000
00000001
00000000
00000000
00000000
000000B2
00000001
00000001
00000000
00000000
00000001
00000000
00000000
00000000
00000001
00000001
00000001
00000000
00000001
00000000
00000000
00000000
00000001
00000000
00000001
00000001
000000B3
00000000
00000001
00000000
00000001
00000000
00000001
00000000
00000000
00000000
00000001
00000000
00000000
00000000
00000000
00000000
00000000
00000000
00000000
00000001
00000001

