00000086
00000000
00000001
00000002
00000003
00000001
00000001
00000001
00010003
00000001
00000001
00000001
00000001
00000001
00000001
00000001
00000001
00040000
00000001
00040002
00040003
00000001
00000000
00000001
00000002
00000003
00010000
00010000
00010000
00010000
00020000
00020001
00020002
00020003
00030000
00030001
00030002
00030003
00040000
00040001
00040002
00040003
00000002
00000000
00000000
00000000
00000000
00000000
00000000
00000000
00000000
00020000
00000000
00000000
00020003
00030000
00030001
00030002
00030003
00040000
00040001
00040002
00040003
00000003
00000000
00000001
00000002
00000002
00010000
00010001
00010002
00000002
00020000
00020001
00020002
00020003
00030000
00030001
00030002
00030003
00040000
00040001
00030003
00030003
00000004
00000000
00000001
00000002
00000003
00010000
00010001
00010002
00010003
00020000
00020001
00020002
00020003
00030000
00030001
00030002
00030003
00040000
00040001
00040002
00030003
00000005
00000000
00000001
00000002
00000003
00010000
00010001
00010002
00010003
00020000
00020001
00020002
00020003
00030000
00030001
00020003
00020003
00040000
00040001
00040002
00020003
00000006
00000000
00000001
00000002
00000003
00010000
00010001
00010002
00010003
00020000
00020001
00020002
00020003
00030000
00030001
00030002
00030003
00040000
00040001
00040001
00040003
00000007
00000000
00000001
00000002
00000003
00010000
00010001
00010002
00010003
00020000
00020001
00020002
00020003
00030000
00030000
00030000
00030003
00030000
00030000
00030000
00030000
00000009
00000000
00000001
00000002
00000003
00010000
00010001
00010002
00010003
00020000
00020001
00020002
00020003
00030000
00030001
00030002
00030003
00040000
00040001
00030003
00030003
0000000A
00000000
00000001
00000002
00000003
00010000
00010001
00010002
00010003
00020000
00020001
00020002
00020002
00030000
00030001
00030002
00030003
00040000
00040001
00040002
00040003
0000000C
00000000
00000001
00000002
00000003
00010000
00010001
00010002
00010003
00020000
00020001
00020002
00020003
00030000
00030001
00020003
00020003
00040000
00040001
00040002
00020003
0000000D
00000000
00000001
00000002
00000003
00010000
00010001
00010002
00000003
00020000
00020001
00020002
00020003
00030000
00030001
00030002
00030003
00040000
00040001
00040002
00040003
0000000E
00000000
00000001
00000002
00000003
00010000
00010001
00010002
00010002
00020000
00020001
00020002
00020003
00030000
00030001
00030002
00030003
00040000
00040001
00040002
00040003
00000010
00000000
00000001
00000002
00000003
00010000
00010001
00000002
00010003
00020000
00020001
00020002
00020003
00030000
00030001
00030002
00030003
00040000
00040001
00040002
00040003
00000011
00000000
00000001
00000001
00000003
00010000
00010001
00010002
00010003
00020000
00020001
00020002
00020003
00030000
00030001
00030002
00030003
00040000
00040001
00040002
00040003
00000012
00000000
00000001
00000002
00000003
00010000
00010001
00010002
00010003
00020000
00020001
00020002
00020003
00030000
00030001
00030002
00030003
00040000
00030001
00040002
00040003
00000013
00000000
00000000
00000002
00000003
00000000
00010001
00010002
00010003
00020000
00020001
00020002
00020003
00030000
00030001
00030002
00030003
00040000
00040001
00040002
00040003
00000014
00000000
00000001
00000002
00000002
00010000
00010001
00010002
00010003
00020000
00020001
00010003
00010003
00030000
00030001
00030002
00010003
00040000
00040001
00040002
00040003
00000015
00000000
00000001
00000002
00000003
00010000
00010001
00010002
00010002
00020000
00020001
00020002
00010002
00030000
00030001
00030002
00010002
00040000
00040001
00040002
00040003
00000016
00000000
00000001
00000002
00000003
00000000
00000000
00010002
00010003
00000000
00020001
00010002
00020003
00030000
00030001
00030002
00030003
00040000
00040001
00040002
00040003
00000017
00000000
00000001
00000002
00000003
00010000
00010001
00010002
00010003
00020000
00020001
00020002
00020003
00030000
00030001
00030002
00030003
00040000
00040001
00040002
00040002
00000018
00000000
00000001
00000002
00000003
00010000
00010001
00010002
00010003
00020000
00020000
00020002
00020003
00030000
00030001
00030002
00030003
00040000
00040001
00040002
00040003
00000019
00000000
00000001
00000002
00000002
00010000
00010001
00010002
00000002
00020000
00020001
00020002
00020003
00030000
00030001
00030002
00030003
00040000
00040000
00030003
00030003
0000001A
00000000
00000001
00000001
00000003
00010000
00010001
00010002
00010003
00020000
00020001
00020002
00020003
00030000
00030001
00030002
00030003
00040000
00040001
00040002
00040003
0000001C
00000000
00000001
00000002
00000003
00000000
00010001
00010002
00010003
00020000
00020001
00020002
00020003
00030000
00030001
00020003
00020003
00040000
00040001
00040002
00020003
0000001F
00000000
00000001
00000002
00000003
00010000
00000001
00000001
00000001
00020000
00020001
00020002
00020003
00030000
00030001
00030002
00030003
00040000
00040001
00040002
00040003
00000020
00000000
00000001
00000002
00000003
00010000
00010001
00000002
00010003
00020000
00020001
00000002
00020003
00030000
00030001
00000002
00030003
00040000
00040001
00040002
00040003
00000021
00000000
00000001
00000002
00000003
00010000
00010001
00000003
00000003
00020000
00020001
00020002
00000003
00030000
00020001
00030002
00030003
00040000
00040001
00040002
00040003
00000023
00000000
00000001
00000002
00000003
00010000
00010001
00010002
00010003
00020000
00020001
00020002
00020003
00030000
00030001
00020002
00030003
00040000
00040001
00040002
00040003
00000025
00000000
00000001
00000002
00000003
00010000
00010001
00010002
00010003
00010000
00020001
00020002
00020003
00030000
00030001
00030002
00030003
00040000
00040001
00040002
00040003
00000026
00000000
00000001
00000002
00000003
00000000
00000000
00010002
00010003
00000000
00020001
00020002
00020003
00000000
00000000
00030002
00030003
00000000
00040001
00040002
00040002
00000027
00000000
00000000
00000002
00000003
00000000
00010001
00010002
00010003
00020000
00020001
00020002
00020003
00030000
00030001
00030002
00030003
00040000
00040001
00040002
00040003
00000028
00000000
00000001
00000002
00000003
00000000
00000000
00010002
00010003
00000000
00020001
00020002
00020003
00030000
00030001
00030002
00030003
00030000
00030000
00040002
00040003
0000002A
00000000
00000001
00000002
00000003
00010000
00010001
00010002
00010003
00020000
00020001
00020002
00020003
00030000
00030001
00030002
00030003
00030000
00030000
00040002
00040003
0000002C
00000000
00000001
00000002
00000003
00010000
00010001
00010002
00010003
00020000
00020001
00020002
00020003
00030000
00030001
00030001
00030003
00040000
00040001
00040002
00040003
0000002D
00000000
00000001
00000001
00000003
00010000
00010001
00010002
00010003
00020000
00020001
00020002
00020003
00020000
00030001
00030002
00030003
00040000
00040001
00040002
00040003
0000002E
00000000
00000000
00000000
00000000
00010000
00000000
00010002
00000000
00010000
00010000
00020002
00020003
00010000
00030001
00020002
00030003
00040000
00040001
00040002
00040003
00000030
00000000
00000001
00000002
00000003
00000000
00010001
00010002
00010003
00020000
00020001
00020002
00020003
00030000
00030001
00030002
00030003
00040000
00040001
00040002
00040003
00000032
00000000
00000001
00000002
00000003
00010000
00010001
00010002
00010003
00020000
00020000
00020002
00020003
00030000
00030001
00030002
00030003
00040000
00040001
00040002
00040003
00000034
00000000
00000001
00000002
00000003
00010000
00010001
00000002
00010003
00020000
00020001
00020002
00020003
00030000
00030001
00030002
00030003
00040000
00040001
00040002
00040003
00000036
00000000
00000001
00000002
00000003
00010000
00010001
00010002
00010003
00020000
00020001
00020002
00020003
00030000
00030001
00030002
00030003
00040000
00040001
00030003
00030003
00000037
00000000
00000001
00000002
00000002
00010000
00010001
00010002
00010003
00020000
00020001
00020002
00020003
00030000
00030001
00030002
00030003
00040000
00040001
00040002
00040003
00000038
00000000
00000001
00000002
00000003
00010000
00010001
00010002
00010003
00020000
00020001
00020002
00020003
00030000
00030001
00030002
00030003
00040000
00040001
00040002
00040002
00000039
00000000
00000001
00000002
00000003
00010000
00010001
00010002
00010003
00020000
00020001
00020002
00020002
00030000
00030001
00030002
00030003
00040000
00040001
00040002
00040003
0000003A
00000000
00000001
00000002
00000003
00010000
00010001
00010002
00010003
00020000
00020001
00020002
00020003
00030000
00030001
00030002
00030003
00030000
00030000
00030000
00040003
0000003B
00000000
00000001
00000002
00000002
00010000
00010001
00010002
00010003
00020000
00020001
00020002
00020003
00030000
00030001
00030002
00030003
00040000
00040001
00040002
00040003
0000003C
00000000
00000001
00000002
00000003
00010000
00010001
00010002
00010003
00020000
00010001
00020002
00020003
00030000
00030001
00030002
00030003
00040000
00040001
00040002
00040003
0000003D
00000000
00000001
00000002
00000003
00010000
00010001
00000002
00010003
00020000
00020001
00020002
00020003
00030000
00030001
00030002
00030003
00040000
00040001
00040002
00040003
0000003E
00000000
00000001
00000002
00000003
00010000
00010001
00010002
00010003
00020000
00010001
00020002
00020003
00030000
00030001
00030002
00030003
00030000
00040001
00040002
00040003
0000003F
00000000
00000001
00000002
00000003
00000000
00000000
00010002
00010003
00000000
00020001
00020002
00020003
00030000
00030001
00030002
00030003
00040000
00040001
00040002
00040003
00000041
00000000
00000001
00000002
00000003
00000000
00000000
00010002
00010003
00000000
00020001
00020002
00020003
00030000
00030001
00030002
00030003
00030000
00030000
00040002
00040003
00000042
00000000
00000001
00000002
00000003
00010000
00010001
00010002
00010003
00020000
00020001
00020002
00020003
00030000
00030001
00030002
00030003
00040000
00040001
00040002
00040002
00000043
00000000
00000000
00000002
00000003
00000000
00010001
00010002
00010003
00020000
00020001
00020002
00020003
00030000
00030001
00030002
00030003
00040000
00040001
00040002
00040003
00000045
00000000
00000001
00000002
00000003
00010000
00010001
00010002
00010003
00020000
00020001
00020002
00020003
00030000
00030001
00030002
00030003
00040000
00040000
00040002
00040003
00000046
00000000
00000001
00000002
00000003
00010000
00010001
00010002
00010003
00020000
00020000
00020002
00020003
00030000
00030001
00030002
00030003
00040000
00040001
00040002
00040003
00000047
00000000
00000001
00000002
00000003
00000000
00000000
00010002
00010003
00000000
00020001
00020002
00020003
00030000
00030001
00030002
00030003
00040000
00040001
00040002
00040003
00000048
00000000
00000001
00000002
00000003
00010000
00010001
00010001
00010003
00020000
00020001
00020002
00020003
00030000
00030001
00030002
00030003
00040000
00040001
00040002
00040003
0000004A
00000000
00000001
00000002
00000003
00010000
00010001
00010002
00010003
00020000
00020001
00020002
00020003
00030000
00030001
00030002
00030003
00040000
00040000
00040002
00040003
0000004B
00000000
00000001
00000002
00000003
00010000
00010001
00010002
00010003
00020000
00020001
00020002
00020003
00030000
00030001
00030002
00030002
00040000
00040001
00040002
00040003
0000004E
00000000
00000001
00000002
00000003
00010000
00010001
00010002
00010003
00020000
00020001
00020002
00020003
00030000
00030001
00030002
00030003
00040000
00030001
00040002
00040003
0000004F
00000000
00000001
00000002
00000002
00010000
00010001
00010002
00010003
00020000
00020001
00020002
00020003
00030000
00030001
00030002
00030003
00040000
00040001
00040002
00040003
00000050
00000000
00000001
00000002
00000003
00010000
00000001
00010002
00010003
00020000
00020001
00020002
00020003
00030000
00030001
00030002
00030003
00040000
00040001
00040002
00040003
00000051
00000000
00000001
00000002
00000003
00010000
00010001
00010002
00010003
00020000
00020001
00020002
00020003
00020000
00030001
00030002
00030003
00040000
00040001
00040002
00040003
00000053
00000000
00000001
00000002
00000003
00010000
00010001
00010002
00010003
00020000
00020001
00020002
00020003
00020000
00020000
00030002
00030003
00020000
00040001
00040002
00040003
00000054
00000000
00000001
00000002
00000003
00010000
00010001
00000002
00010003
00020000
00020001
00020002
00020003
00030000
00030001
00030002
00030003
00040000
00040001
00040002
00040003
00000056
00000000
00000001
00000002
00000003
00010000
00010001
00010002
00010003
00020000
00020001
00020002
00020003
00020000
00030001
00030002
00030003
00040000
00040001
00040002
00040003
00000057
00000000
00000001
00000002
00000002
00010000
00000002
00000002
00000002
00020000
00020001
00000002
00000002
00020000
00020000
00030002
00030003
00020000
00040001
00040002
00040003
00000058
00000000
00000000
00000000
00000003
00000000
00000000
00010002
00010003
00000000
00000000
00000000
00020003
00030000
00000000
00020003
00020003
00040000
00040001
00040002
00020003
00000059
00000000
00000001
00000001
00000001
00010000
00010001
00010002
00000001
00010000
00010000
00020002
00020003
00010000
00030001
00020003
00020003
00040000
00040001
00040002
00020003
0000005A
00000000
00000001
00000001
00000003
00010000
00010001
00010002
00010003
00020000
00020000
00020000
00020003
00020000
00030001
00030002
00030001
00030001
00030001
00030001
00030001
0000005B
00000000
00000001
00000002
00000002
00000001
00000001
00010002
00000002
00000001
00020001
00020002
00020003
00030000
00030001
00030002
00030003
00040000
00040000
00040002
00040003
0000005C
00000000
00000000
00000000
00000002
00000000
00000000
00000002
00010003
00020000
00000000
00020001
00020003
00030000
00020001
00030002
00030003
00030000
00040001
00040002
00040003
0000005D
00000000
00000000
00000000
00000000
00010000
00010001
00000000
00010003
00020000
00020001
00000000
00020003
00030000
00030000
00030002
00030003
00030000
00030000
00040002
00040003
0000005E
00000000
00000000
00000000
00000000
00000000
00000000
00000000
00010003
00000000
00000000
00000000
00000000
00000000
00000000
00000000
00030003
00000000
00000000
00000000
00000000
0000005F
00000000
00000001
00000002
00000003
00010000
00010001
00010002
00010003
00020000
00020001
00020002
00010003
00030000
00010003
00010003
00010003
00040000
00040001
00040002
00010003
00000060
00000000
00000001
00000001
00000003
00010000
00000001
00000001
00010003
00000001
00000001
00010003
00010003
00030000
00030001
00030002
00010003
00030000
00030000
00040002
00040003
00000061
00000000
00000000
00000000
00000003
00010000
00010001
00000000
00010003
00020000
00020001
00020002
00020003
00030000
00020001
00020003
00020003
00040000
00020003
00020003
00020003
00000062
00000000
00000001
00000002
00000003
00010000
00010001
00010002
00010003
00020000
00020001
00020002
00020003
00030000
00030001
00030002
00030003
00040000
00040001
00040002
00040002
00000063
00000000
00000001
00000002
00000003
00010000
00000001
00000001
00000001
00020000
00000001
00000001
00020003
00000001
00000001
00020003
00020003
00040000
00020003
00020003
00020003
00000064
00000000
00000000
00000000
00000000
00000000
00000000
00000000
00000000
00000000
00000000
00000000
00000000
00030000
00000000
00030002
00000000
00040000
00040001
00040002
00040003
00000065
00000000
00000000
00000002
00000003
00010000
00000002
00000002
00000002
00000002
00000002
00000002
00000002
00000002
00000002
00000002
00000002
00000002
00000002
00000002
00000002
00000066
00000000
00000000
00000002
00000002
00000000
00000000
00010002
00000002
00020000
00020001
00020002
00020003
00030000
00030001
00030002
00030003
00030000
00030000
00040002
00040003
00000067
00000000
00000001
00000002
00000002
00000000
00000000
00010002
00000002
00000000
00020001
00020002
00020003
00030000
00030001
00030001
00030003
00030001
00030001
00040002
00040003
00000068
00000000
00000001
00000002
00000003
00000001
00000001
00000001
00010003
00000001
00000001
00010003
00010003
00000001
00000001
00000001
00010003
00000001
00000001
00040002
00040002
00000069
00000000
00000001
00000002
00000003
00000001
00000001
00010002
00010003
00020000
00000001
00020002
00010003
00030000
00030001
00030000
00030003
00030000
00030000
00030000
00030000
0000006A
00000000
00000000
00000000
00000000
00000000
00000000
00000000
00000000
00020000
00000000
00000000
00000000
00020000
00000000
00000000
00000000
00040000
00000000
00000000
00000000
0000006B
00000000
00000000
00000000
00000002
00000000
00000001
00000000
00010002
00000000
00000000
00000000
00020002
00000000
00000000
00000000
00030002
00030000
00030001
00030002
00040003
0000006C
00000000
00000000
00000000
00000000
00010000
00000000
00000000
00000000
00020000
00020001
00020002
00020002
00030000
00030001
00020002
00020002
00030000
00030000
00040002
00040003
0000006D
00000000
00000000
00000000
00000000
00000000
00000000
00000000
00000000
00020000
00000000
00000000
00000000
00030000
00030000
00000000
00000000
00040000
00040001
00040002
00000000
0000006E
00000000
00000000
00000000
00000003
00000000
00000000
00000003
00000003
00000000
00020001
00020001
00000003
00000000
00000000
00000003
00000003
00000000
00000000
00000000
00000003
0000006F
00000000
00000000
00000000
00000003
00010000
00010001
00000000
00000000
00020000
00020001
00000000
00020003
00030000
00030000
00030002
00030003
00040000
00040001
00030003
00030003
00000070
00000000
00000000
00000002
00000002
00000000
00000002
00000002
00000002
00000000
00000000
00000002
00020003
00000000
00000002
00000002
00000002
00000000
00000000
00000002
00040003
00000071
00000000
00000001
00000002
00000003
00010000
00000002
00000002
00010003
00000002
00000002
00010003
00010003
00000002
00000002
00000002
00010003
00040000
00040001
00010003
00010003
00000072
00000000
00000000
00000002
00000003
00000000
00010000
00010002
00010003
00000000
00020000
00020002
00010003
00020000
00020002
00020002
00020002
00020002
00020002
00020002
00020002
00000073
00000000
00000000
00000001
00000001
00000000
00000000
00010001
00000001
00000000
00010001
00020002
00020003
00020000
00020003
00020003
00020003
00040000
00040001
00020003
00020003
00000074
00000000
00000000
00000002
00000003
00010000
00010000
00010000
00010003
00010000
00010000
00010000
00010000
00010000
00010000
00010000
00010000
00040000
00040001
00040002
00010000
00000075
00000000
00000001
00000002
00000003
00000000
00000000
00010002
00000003
00000000
00020001
00000003
00000003
00030000
00030000
00030002
00030003
00030000
00030000
00030000
00030000
00000076
00000000
00000000
00000002
00000003
00000000
00000000
00010002
00010003
00020000
00020001
00020002
00020003
00030000
00030001
00030002
00030002
00040000
00040001
00030002
00030002
00000077
00000000
00000000
00000002
00000003
00010000
00010001
00010001
00010001
00010001
00010001
00010001
00010001
00030000
00010001
00010001
00010001
00040000
00040001
00040002
00040003
00000078
00000000
00000001
00000002
00000002
00000000
00000000
00010002
00010003
00000000
00000000
00000000
00020003
00030000
00000000
00030002
00030003
00030000
00030000
00030002
00040003
00000079
00000000
00000000
00000001
00000003
00000000
00000000
00010001
00000003
00000000
00000000
00000000
00020002
00000000
00020001
00020002
00030003
00030000
00040001
00040002
00040003
0000007A
00000000
00000001
00000002
00000002
00010000
00010001
00010002
00010003
00020000
00020000
00020000
00020000
00020000
00020000
00020000
00020000
00020000
00020000
00020000
00020000
0000007B
00000000
00000000
00000000
00000000
00010000
00010001
00010002
00000000
00000000
00000000
00020002
00000000
00030000
00000000
00000000
00000000
00030000
00030000
00040002
00000000
0000007C
00000000
00000000
00000002
00000002
00000000
00000002
00000002
00000002
00020000
00020000
00000002
00000002
00030000
00030001
00030002
00000002
00040000
00040001
00030002
00040003
0000007D
00000000
00000001
00000002
00000003
00000000
00010001
00000002
00010003
00020000
00000002
00000002
00020003
00030000
00030001
00000002
00000002
00040000
00040001
00000002
00000002
0000007E
00000000
00000000
00000000
00000000
00000000
00000000
00000000
00000000
00000000
00000000
00000000
00020003
00000000
00030001
00030001
00030003
00040000
00040001
00030003
00030003
0000007F
00000000
00000000
00000000
00000000
00000000
00000000
00000000
00000000
00000000
00010001
00010002
00000000
00020000
00030001
00030002
00020003
00020000
00020000
00040002
00040002
00000080
00000000
00000000
00000000
00000000
00010000
00000000
00010002
00000000
00010000
00020001
00020001
00020001
00020001
00020001
00020001
00020001
00020001
00020001
00020001
00020001
00000081
00000000
00000000
00000000
00000000
00000000
00000000
00000002
00000000
00000000
00010001
00020002
00000000
00020000
00030001
00000000
00000000
00040000
00040001
00030002
00030003
00000082
00000000
00000001
00000002
00000002
00000000
00000000
00010002
00010003
00000000
00020001
00020002
00020003
00030000
00030001
00030001
00030003
00030000
00030000
00030003
00030003
00000083
00000000
00000000
00000000
00000002
00000000
00000001
00000002
00000001
00000001
00000001
00000001
00000001
00000001
00000001
00000001
00000001
00000001
00000001
00000001
00000001
00000084
00000000
00000001
00000002
00000003
00010000
00010001
00010002
00010003
00020000
00010002
00010002
00010002
00020000
00020000
00030002
00030003
00020000
00040001
00040002
00040003
00000085
00000000
00000001
00000001
00000001
00000000
00000000
00000001
00000001
00000000
00000001
00000001
00000001
00000001
00000001
00000001
00000001
00000001
00000001
00000001
00000001
00000087
00000000
00000000
00000002
00000003
00000000
00010001
00000002
00010001
00010001
00010001
00010001
00010001
00030000
00010001
00030002
00010001
00040000
00040001
00040002
00040003
00000088
00000000
00000000
00000000
00000003
00000000
00000000
00000000
00010003
00000000
00000000
00000000
00020003
00000000
00000000
00030002
00030003
00040000
00040001
00040002
00040003
00000089
00000000
00000000
00000002
00000003
00000000
00000002
00000002
00000002
00000002
00000002
00000002
00000002
00030000
00030001
00000002
00000002
00040000
00040001
00040002
00040003
0000008A
00000000
00000001
00000002
00000003
00010000
00000003
00000003
00000003
00020000
00000003
00020002
00020003
00030000
00000003
00030002
00030003
00000003
00000003
00040002
00040003
0000008B
00000000
00000001
00000002
00000003
00010000
00010001
00010002
00010003
00010000
00010002
00010002
00010002
00010000
00010000
00010002
00010002
00010000
00010000
00040002
00010002
0000008C
00000000
00000000
00000000
00000002
00000000
00000001
00000000
00000000
00020000
00020001
00010002
00010003
00020001
00020001
00030002
00030003
00040000
00020001
00020001
00020001
0000008D
00000000
00000001
00000001
00000001
00000000
00000000
00000001
00000001
00000000
00020001
00020001
00000001
00000000
00000000
00030002
00030003
00000000
00040001
00030003
00030003
0000008E
00000000
00000000
00000000
00000000
00000000
00000000
00000000
00010003
00000000
00000000
00000000
00020003
00000000
00000000
00000000
00000000
00000000
00000000
00000000
00040003
0000008F
00000000
00000000
00000000
00000000
00000000
00000000
00000000
00000000
00000000
00000000
00000000
00000000
00000000
00000000
00000000
00030003
00040000
00040001
00040002
00030003
00000089
00000000
00000001
00000002
00000003
00010000
00010001
00010002
00010003
00020000
00020001
00020002
00020003
00030000
00020001
00030002
00030003
00040000
00040001
00030003
00030003
0000008A
00000000
00000001
00000002
00000003
00010000
00010001
00010002
00010003
00020000
00020001
00020002
00020003
00030000
00030001
00030002
00030003
00030000
00040001
00040002
00040003
0000008B
00000000
00000001
00000002
00000003
00010000
00010001
00010002
00010003
00020000
00020001
00020002
00020003
00030000
00030001
00030002
00030002
00040000
00040001
00040002
00040003
0000008C
00000000
00000001
00000002
00000003
00010000
00010000
00010002
00010003
00020000
00020001
00020002
00020003
00030000
00030001
00030002
00030003
00040000
00040001
00040002
00040003
0000008D
00000000
00000001
00000002
00000003
00010000
00010000
00010002
00010003
00010000
00010000
00020002
00020003
00030000
00030001
00030002
00030003
00040000
00040001
00040002
00040003
0000008E
00000000
00000001
00000002
00000003
00010000
00010001
00010002
00010003
00020000
00020001
00020002
00020003
00030000
00030001
00020002
00030003
00040000
00040001
00040002
00040003
00000090
00000000
00000001
00000001
00000003
00010000
00010001
00010002
00010003
00020000
00020001
00020002
00020003
00030000
00030001
00030002
00030003
00040000
00040001
00040002
00040003
00000092
00000000
00000001
00000002
00000003
00010000
00010001
00010002
00010003
00020000
00020001
00010002
00010002
00030000
00030001
00030002
00010002
00040000
00040001
00040002
00040003
00000093
00000000
00000001
00000002
00000003
00010000
00010001
00010002
00010003
00020000
00020001
00020002
00020003
00030000
00030001
00030002
00030003
00040000
00040001
00040002
00030003
00000095
00000000
00000001
00000002
00000003
00010000
00010001
00010002
00010003
00020000
00020001
00020002
00020003
00030000
00030001
00030002
00020003
00040000
00040001
00040002
00040003
00000097
00000000
00000001
00000002
00000003
00010000
00010001
00010002
00010003
00020000
00020001
00010002
00020003
00030000
00030001
00030002
00030003
00040000
00040001
00040002
00040003
00000098
00000000
00000001
00000002
00000003
00010000
00010001
00010002
00010003
00020000
00020001
00020002
00020003
00030000
00030001
00030002
00030003
00040000
00040000
00040002
00040003
00000099
00000000
00000001
00000002
00000003
00010000
00010001
00010002
00010003
00020000
00010001
00020002
00020003
00010001
00010001
00030002
00030003
00040000
00040001
00040002
00040003
0000009A
00000000
00000000
00000002
00000003
00000000
00010001
00010002
00010003
00020000
00020001
00020002
00020003
00030000
00030001
00030002
00030003
00040000
00040001
00040002
00040003
0000009B
00000000
00000001
00000002
00000003
00010000
00000001
00010002
00010003
00020000
00020001
00020002
00020003
00030000
00030001
00030002
00030003
00040000
00040001
00040002
00040003
0000009D
00000000
00000001
00000002
00000003
00010000
00010001
00010002
00010003
00020000
00020001
00010003
00010003
00030000
00030001
00030002
00010003
00040000
00040001
00040002
00040003
0000009E
00000000
00000001
00000002
00000003
00010000
00010001
00010002
00000003
00020000
00020001
00020002
00020003
00030000
00030001
00030002
00030003
00040000
00040001
00040002
00040003
0000009F
00000000
00000001
00000002
00000003
00010000
00010000
00010002
00010003
00020000
00010000
00020002
00020003
00030000
00010000
00030002
00030003
00040000
00040001
00040002
00040003
000000A0
00000000
00000001
00000002
00000003
00010000
00010001
00010002
00010003
00020000
00020001
00020002
00020003
00030000
00030001
00030002
00030003
00040000
00040001
00040002
00030003
000000A1
00000000
00000001
00000002
00000003
00010000
00010001
00010002
00010003
00020000
00020001
00020002
00020003
00030000
00020001
00030002
00030003
00040000
00040001
00040002
00040003
000000A2
00000000
00000001
00000002
00000003
00010000
00010001
00000002
00010003
00020000
00020001
00020002
00020003
00020000
00020000
00030002
00030003
00020000
00020000
00020000
00040003
000000A3
00000000
00000001
00000002
00000003
00010000
00010001
00010002
00010003
00020000
00020001
00020002
00020003
00030000
00030001
00020002
00030003
00040000
00040001
00040002
00040003
000000A4
00000000
00000001
00000002
00000003
00010000
00000001
00010002
00010003
00020000
00020001
00020002
00020003
00030000
00030001
00030002
00030003
00040000
00040001
00040002
00030003
000000A6
00000000
00000001
00000002
00000003
00010000
00010001
00010002
00010003
00020000
00020001
00020001
00020003
00030000
00030001
00030002
00030003
00040000
00040001
00040002
00040003
000000A7
00000000
00000001
00000002
00000003
00010000
00010001
00010002
00010003
00020000
00020001
00010002
00020003
00030000
00030001
00030002
00030003
00040000
00040001
00040002
00040003
000000A8
00000000
00000001
00000002
00000002
00010000
00010001
00010002
00000002
00020000
00020001
00020002
00020003
00030000
00030001
00030002
00030003
00040000
00040001
00040002
00040003
000000A9
00000000
00000001
00000002
00000003
00010000
00010001
00010002
00010003
00010001
00010001
00010001
00020003
00030000
00010001
00030002
00030003
00010001
00010001
00010001
00040003
000000AA
00000000
00000001
00000002
00000003
00010000
00010001
00010002
00010003
00020000
00020001
00020001
00020003
00030000
00030001
00030002
00030003
00040000
00040001
00030003
00030003
000000AB
00000000
00000001
00000002
00000003
00010000
00010000
00010002
00010003
00020000
00020001
00020002
00020003
00030000
00030001
00020002
00030003
00040000
00040001
00040002
00040003
000000AC
00000000
00000001
00000002
00000003
00010000
00010001
00000003
00000003
00020000
00020001
00020002
00000003
00030000
00030001
00030002
00030003
00040000
00040001
00040002
00040003
000000AD
00000000
00000001
00000002
00000003
00010000
00010001
00010002
00010003
00010000
00010000
00020002
00020003
00010000
00030001
00030002
00030003
00040000
00040001
00040002
00040003
000000AE
00000000
00000001
00000002
00000003
00010000
00010001
00010002
00010003
00020000
00020001
00020002
00020003
00030000
00030001
00020003
00020003
00040000
00040001
00040002
00020003
000000AF
00000000
00000001
00000002
00000003
00010000
00010001
00010002
00010003
00020000
00020001
00020002
00020003
00030000
00020002
00020002
00020002
00040000
00020002
00020002
00020002
000000B0
00000000
00000001
00000002
00000003
00010000
00010001
00010002
00010003
00020000
00020001
00020002
00020003
00030000
00030001
00030002
00030003
00040000
00040001
00030003
00030003
000000B1
00000000
00000001
00000002
00000002
00010000
00010001
00010002
00000002
00020000
00020001
00020002
00020003
00030000
00030001
00030002
00030003
00040000
00040001
00040002
00040003
000000B2
00000000
00000001
00000002
00000003
00010000
00010001
00000002
00010003
00020000
00020001
00020002
00020003
00030000
00030001
00030002
00030003
00040000
00040001
00040002
00040003
000000B3
00000000
00000001
00000002
00000003
00010000
00010001
00010002
00010003
00020000
00020001
00020001
00020003
00030000
00030001
00020001
00020001
00040000
00040001
00040002
00040003
000000B4
00000000
00000001
00000001
00000003
00010000
00010001
00000001
00010003
00020000
00020001
00000001
00020003
00030000
00030001
00030002
00030003
00040000
00040001
00040002
00040003
000000B6
00000000
00000000
00000002
00000003
00010000
00010001
00010002
00010003
00020000
00020001
00020002
00020003
00020001
00020001
00020001
00030003
00040000
00020001
00020001
00020001
000000B8
00000000
00000001
00000002
00000003
00010000
00010001
00010002
00010003
00020000
00020001
00020002
00020002
00030000
00030001
00030002
00030003
00040000
00040001
00040002
00040003
000000B9
00000000
00000001
00000002
00000003
00010000
00010001
00010002
00010002
00020000
00020001
00020002
00020003
00030000
00030001
00030002
00030003
00040000
00040001
00040002
00040003
000000BA
00000000
00000001
00000002
00000003
00010000
00010000
00010002
00010003
00020000
00020001
00020002
00020003
00030000
00030001
00030001
00030003
00040000
00040001
00040002
00040003
000000BC
00000000
00000001
00000002
00000003
00010000
00010001
00010002
00010003
00020000
00020001
00020002
00020002
00030000
00030001
00030002
00030003
00040000
00040001
00040002
00040003
000000BD
00000000
00000001
00000002
00000003
00010000
00010001
00010002
00010003
00020000
00020001
00020002
00020002
00030000
00030001
00030002
00030003
00040000
00040000
00040002
00040003
000000C0
00000000
00000001
00000002
00000003
00010000
00010001
00010002
00010003
00020000
00020001
00020002
00020003
00020000
00030001
00030002
00030003
00040000
00040001
00040002
00040003
000000C1
00000000
00000001
00000002
00000003
00010000
00010001
00010002
00010003
00020000
00020001
00020002
00020003
00030000
00030001
00030002
00030003
00040000
00040001
00040002
00030003
000000C2
00000000
00000001
00000002
00000003
00010000
00010001
00010002
00010003
00020000
00020001
00020002
00020003
00030000
00020002
00020002
00020002
00020002
00020002
00020002
00040003
000000C3
00000000
00000001
00000002
00000003
00000000
00000000
00010002
00010003
00000000
00020001
00020002
00020003
00030000
00030001
00030002
00030003
00040000
00040001
00040002
00040003
000000C4
00000000
00000001
00000002
00000003
00010000
00010001
00010002
00010003
00020000
00020001
00020002
00020003
00030000
00030001
00030002
00030003
00040000
00040001
00040002
00040002
000000C5
00000000
00000001
00000002
00000003
00010000
00010001
00010002
00010003
00020000
00020001
00020002
00020002
00030000
00030001
00030002
00030003
00040000
00040001
00040002
00040003
000000C6
00000000
00000001
00000002
00000003
00010000
00010001
00010002
00010003
00020000
00020001
00020002
00020003
00030000
00030001
00030002
00030002
00040000
00040001
00040002
00040003
000000C7
00000000
00000001
00000002
00000003
00010000
00010001
00000003
00000003
00020000
00020001
00020002
00000003
00030000
00030001
00030002
00030003
00040000
00040001
00040002
00040003
000000C8
00000000
00000000
00000002
00000003
00000000
00010001
00010002
00010003
00020000
00020001
00020002
00020003
00030000
00030001
00030002
00030003
00040000
00040001
00040002
00040003
000000C9
00000000
00000001
00000002
00000003
00010000
00010001
00010002
00010002
00020000
00020001
00020002
00020003
00020000
00020000
00030002
00030003
00020000
00040001
00040002
00040003
000000CA
00000000
00000001
00000002
00000003
00010000
00010001
00010002
00010002
00020000
00010002
00010002
00010002
00030000
00010002
00010002
00010002
00040000
00040001
00010002
00010002
000000CB
00000000
00000001
00000002
00000002
00010000
00010001
00010002
00010003
00020000
00020001
00020002
00020003
00030000
00030001
00030002
00030003
00040000
00040001
00030003
00030003
000000CC
00000000
00000001
00000002
00000003
00010000
00010001
00010002
00010003
00020000
00020001
00020002
00020003
00030000
00030001
00030002
00030003
00040000
00040001
00040001
00040003
000000CD
00000000
00000001
00000002
00000003
00010000
00010001
00010002
00010003
00020000
00020000
00020000
00020000
00030000
00030001
00030002
00030003
00040000
00040001
00040002
00040003
000000CE
00000000
00000001
00000002
00000003
00010000
00010001
00010002
00010003
00020000
00020001
00010002
00020003
00030000
00030001
00030002
00030003
00040000
00040001
00040002
00030003
000000CF
00000000
00000001
00000002
00000003
00010000
00010001
00010002
00010003
00020000
00020001
00010003
00010003
00030000
00030001
00030002
00010003
00040000
00040001
00040002
00040003
000000D0
00000000
00000001
00000002
00000003
00010000
00010001
00010001
00010003
00020000
00020001
00020002
00020003
00030000
00030001
00030002
00030003
00030002
00030002
00030002
00040003
000000D1
00000000
00000001
00000002
00000003
00000000
00000000
00010002
00010003
00000000
00020001
00020002
00020003
00030000
00030001
00030002
00030003
00040000
00040001
00040002
00040003

