000000AC
00000000
00000000
00000002
00000003
00000004
00000004
00010000
00000000
00010002
00000004
00000004
00000004
00020000
00000000
00000000
00020003
00000004
00020005
00020000
00020000
00000000
00030003
00030004
00030005
00020000
00040001
00000000
00040003
00040004
00040004
00000000
00050001
00000000
00040004
00040004
00040004
00000000
00000000
00000000
00040004
00040004
00040004
00000001
00000000
00000001
00000002
00000003
00000004
00000005
00010000
00010001
00010002
00010003
00010004
00010005
00020000
00020001
00020002
00020003
00020004
00020005
00030000
00030001
00030002
00030003
00030004
00030004
00040000
00040001
00040002
00040003
00040004
00040005
00050000
00050001
00050002
00050003
00050004
00050005
00060000
00060001
00060002
00060003
00060004
00060005
00000002
00000000
00000001
00000002
00000003
00000004
00000005
00010000
00010001
00010002
00010003
00010004
00010005
00020000
00020001
00020002
00020003
00020004
00020005
00020000
00020000
00030002
00030003
00030004
00030005
00020000
00040001
00040002
00040003
00040004
00040005
00050000
00050001
00050002
00050003
00050004
00050005
00060000
00060001
00060002
00060003
00060004
00060005
00000003
00000000
00000001
00000002
00000003
00000004
00000005
00010000
00010001
00010002
00010003
00010004
00010005
00020000
00010001
00020002
00020003
00020004
00020005
00030000
00030001
00030002
00030003
00030004
00030005
00040000
00040001
00040002
00040003
00040004
00040005
00050000
00050001
00050002
00050003
00050004
00050005
00060000
00060001
00060002
00060003
00060004
00060005
00000004
00000000
00000001
00000002
00000003
00000004
00000005
00010000
00000001
00010002
00010003
00010004
00010005
00020000
00020001
00020002
00020003
00020004
00020005
00030000
00030001
00030002
00030003
00030004
00030005
00040000
00040001
00040002
00040003
00040004
00040005
00050000
00050001
00050002
00050003
00050004
00050005
00060000
00060001
00060002
00060003
00060004
00060005
00000006
00000000
00000001
00000002
00000003
00000004
00000005
00010000
00010001
00010002
00010003
00010004
00010005
00020000
00020001
00020002
00020003
00020003
00020005
00030000
00030001
00030002
00030003
00030004
00030005
00040000
00040001
00040002
00040003
00040004
00040005
00050000
00050001
00050002
00050003
00050004
00050005
00060000
00060001
00060002
00060003
00060004
00060005
00000007
00000000
00000001
00000002
00000003
00000004
00000005
00010000
00010001
00010002
00010003
00010004
00010005
00020000
00020001
00020002
00020003
00020004
00020005
00030000
00030001
00030002
00030003
00030004
00030005
00040000
00040001
00040002
00040003
00040004
00040005
00050000
00050001
00040002
00050003
00050004
00050005
00060000
00060001
00060002
00060003
00060004
00060005
00000008
00000000
00000001
00000002
00000003
00000004
00000005
00010000
00010001
00010002
00010003
00010004
00010005
00020000
00020001
00020002
00020003
00010005
00010005
00030000
00030001
00030002
00030003
00030004
00010005
00040000
00040001
00040002
00040003
00040004
00040005
00050000
00050001
00050002
00050003
00050004
00050005
00060000
00060001
00060002
00060003
00060004
00060005
00000009
00000000
00000001
00000002
00000003
00000004
00000005
00010000
00010001
00010002
00010003
00010004
00010005
00020000
00020001
00020002
00020003
00020004
00020005
00020000
00020000
00030002
00030003
00030004
00030005
00020000
00040001
00040002
00040003
00040004
00040005
00050000
00050001
00050002
00050003
00050004
00050005
00060000
00060001
00060002
00060003
00060004
00060005
0000000A
00000000
00000001
00000002
00000003
00000004
00000005
00010000
00010001
00010002
00010003
00010004
00010005
00020000
00020001
00020002
00020003
00020004
00020005
00030000
00030001
00030002
00030003
00030004
00030005
00040000
00040000
00040002
00040003
00040004
00040005
00050000
00050001
00050002
00050003
00050004
00050005
00060000
00060001
00060002
00060003
00060004
00060005
0000000B
00000000
00000001
00000002
00000003
00000004
00000005
00010000
00010001
00010002
00010003
00010004
00010005
00020000
00020001
00020002
00020003
00020004
00020005
00030000
00030001
00030002
00030003
00030004
00030005
00040000
00040001
00040002
00040003
00040004
00040005
00050000
00050001
00050002
00050003
00050004
00050005
00060000
00050001
00060002
00060003
00060004
00060005
0000000C
00000000
00000001
00000002
00000003
00000004
00000005
00010000
00010001
00010002
00010003
00010004
00010005
00020000
00020001
00020002
00020003
00020004
00020005
00030000
00030001
00030002
00030003
00030004
00030005
00040000
00040001
00040002
00040003
00040003
00040005
00050000
00050001
00050002
00050003
00050004
00050005
00060000
00060001
00060002
00060003
00060004
00060005
0000000D
00000000
00000001
00000002
00000003
00000004
00000005
00010000
00010001
00010002
00010003
00010004
00010005
00020000
00020001
00020002
00020003
00020004
00020005
00030000
00030001
00030002
00030003
00030004
00030005
00040000
00040001
00040002
00040003
00040004
00040005
00050000
00050001
00050002
00050003
00050004
00050005
00060000
00060001
00060002
00060003
00060004
00060004
0000000E
00000000
00000001
00000002
00000003
00000004
00000005
00010000
00010001
00010002
00010003
00000005
00000005
00020000
00020001
00020002
00020003
00020004
00000005
00030000
00030001
00030002
00030003
00030004
00030005
00040000
00040001
00040002
00040003
00040004
00040005
00050000
00050001
00050002
00050003
00050004
00050005
00060000
00060001
00060002
00060003
00060004
00060005
0000000F
00000000
00000001
00000002
00000003
00000004
00000005
00010000
00010001
00010002
00010003
00010004
00010005
00020000
00020001
00020002
00020003
00020004
00020005
00030000
00030001
00030002
00030003
00020004
00030005
00040000
00040001
00040002
00040003
00040004
00040005
00050000
00050001
00050002
00050003
00050004
00050005
00060000
00060001
00060002
00060003
00060004
00060005
00000010
00000000
00000001
00000002
00000003
00000004
00000005
00010000
00010001
00010002
00010003
00010004
00010005
00020000
00020001
00020002
00020003
00020004
00020005
00030000
00030001
00030002
00030003
00030004
00030005
00040000
00040001
00040002
00040002
00040004
00040005
00050000
00050001
00050002
00050003
00050004
00050005
00060000
00060001
00060002
00060003
00060004
00060005
00000011
00000000
00000001
00000002
00000003
00000004
00000005
00010000
00010001
00010002
00010003
00010004
00010005
00020000
00020001
00020002
00020003
00020003
00020005
00030000
00030001
00030002
00030003
00030004
00030005
00040000
00030001
00040002
00040003
00040004
00040005
00050000
00050001
00050002
00050003
00050004
00050005
00060000
00060001
00060002
00060003
00060004
00060005
00000013
00000000
00000001
00000002
00000003
00000004
00000005
00010000
00000001
00010002
00010003
00010004
00010005
00020000
00020001
00020002
00020003
00020004
00020005
00030000
00030001
00030002
00030003
00030004
00030005
00040000
00040001
00040002
00040003
00040004
00040005
00050000
00050001
00050002
00050003
00050004
00050005
00060000
00060001
00060002
00060003
00060004
00060005
00000014
00000000
00000001
00000002
00000003
00000004
00000005
00010000
00010001
00010002
00010003
00010004
00010005
00020000
00020001
00020002
00020003
00020004
00020005
00030000
00030001
00030002
00030003
00030003
00030005
00040000
00040001
00040002
00040003
00040004
00040005
00050000
00050001
00050002
00050003
00050004
00050005
00060000
00060001
00060002
00060003
00060004
00060005
00000015
00000000
00000001
00000002
00000003
00000004
00000005
00010000
00010001
00010002
00010003
00010004
00010005
00020000
00020001
00020002
00020003
00020004
00020005
00030000
00030001
00030002
00030003
00030004
00030005
00040000
00040001
00040002
00040003
00030004
00040005
00050000
00050001
00050002
00050003
00050004
00050005
00060000
00060001
00060002
00060003
00060004
00060005
00000016
00000000
00000001
00000002
00000003
00000004
00000005
00010000
00010001
00010002
00010003
00010004
00010005
00020000
00020001
00020002
00010003
00020004
00020005
00030000
00030001
00030002
00030003
00030004
00030005
00040000
00040001
00040002
00040003
00040004
00040005
00050000
00050001
00050002
00050003
00050004
00050005
00060000
00060001
00060002
00060003
00060004
00060005
00000017
00000000
00000001
00000002
00000003
00000004
00000005
00010000
00010001
00010002
00010003
00010004
00010005
00020000
00020001
00020002
00020003
00020004
00020005
00030000
00030001
00030002
00030003
00030004
00030005
00040000
00040001
00040002
00040003
00040004
00040005
00050000
00050001
00050002
00050003
00040004
00050005
00060000
00060001
00060002
00060003
00060004
00060005
00000018
00000000
00000001
00000002
00000003
00000004
00000005
00010000
00010001
00010002
00010003
00010004
00010005
00020000
00020001
00020002
00020003
00020004
00020005
00030000
00030001
00030002
00030003
00030004
00030005
00040000
00040001
00040002
00040003
00040004
00040005
00050000
00050001
00050002
00050003
00050004
00050005
00060000
00060001
00060002
00050003
00060004
00060005
00000019
00000000
00000001
00000002
00000003
00000004
00000005
00010000
00010001
00010002
00010003
00000004
00010005
00020000
00020001
00020002
00020003
00020004
00020005
00030000
00030001
00020002
00030003
00030004
00030005
00040000
00040001
00040002
00040003
00040004
00040005
00050000
00050001
00050002
00050003
00050004
00050005
00060000
00060001
00060002
00060003
00060004
00060005
0000001A
00000000
00000001
00000002
00000003
00000003
00000005
00010000
00010001
00010002
00010003
00010004
00010005
00020000
00020001
00020002
00020003
00020004
00020005
00030000
00030001
00030002
00030003
00030004
00030005
00040000
00040001
00040002
00040003
00040004
00040005
00050000
00050001
00050002
00050003
00050004
00050005
00060000
00060001
00060002
00060003
00060004
00060005
0000001B
00000000
00000001
00000002
00000003
00000004
00000005
00010000
00010000
00010002
00010003
00010004
00010005
00020000
00020001
00020002
00020003
00020004
00020005
00030000
00030001
00030002
00030003
00030004
00030005
00040000
00040001
00040002
00040003
00040004
00040005
00050000
00050001
00050002
00050003
00050004
00050005
00060000
00060001
00060002
00060003
00060004
00060005
0000001D
00000000
00000001
00000002
00000003
00000004
00000005
00010000
00010001
00010002
00010003
00010004
00010005
00020000
00020001
00020002
00020003
00020004
00020005
00030000
00030001
00030002
00020003
00030004
00030005
00040000
00040001
00040002
00040003
00040004
00040005
00050000
00050001
00050002
00050003
00050004
00050005
00060000
00060001
00060002
00060003
00060004
00060005
0000001E
00000000
00000001
00000002
00000003
00000004
00000005
00010000
00010001
00010002
00010003
00010004
00010005
00020000
00020001
00020002
00020003
00020004
00020005
00030000
00030001
00030002
00030003
00030004
00030005
00040000
00040001
00040002
00040003
00040004
00040005
00050000
00050001
00050002
00050002
00050004
00050005
00060000
00060001
00060002
00060003
00060004
00060005
0000001F
00000000
00000001
00000002
00000003
00000004
00000004
00010000
00010001
00010002
00010003
00010004
00010005
00020000
00020001
00020002
00020003
00020004
00020005
00030000
00030001
00030002
00030003
00030004
00030005
00040000
00040001
00040002
00040003
00040004
00040005
00050000
00050001
00050002
00050003
00050004
00050005
00060000
00060001
00060002
00060003
00060004
00060005
00000021
00000000
00000001
00000002
00000003
00000004
00000005
00010000
00010001
00010002
00010003
00010004
00010005
00020000
00020001
00020002
00020003
00020004
00020005
00030000
00030001
00030002
00030003
00030004
00030005
00040000
00040001
00040002
00040003
00040004
00040005
00050000
00050001
00050002
00050003
00050004
00050005
00060000
00060001
00060002
00060003
00050004
00060005
00000022
00000000
00000001
00000002
00000003
00000004
00000005
00010000
00010001
00010002
00010003
00010004
00010005
00020000
00020001
00020002
00020003
00020004
00020005
00030000
00030001
00030002
00030003
00030004
00030005
00040000
00040001
00040002
00040003
00040004
00040004
00050000
00050001
00050002
00050003
00050004
00050005
00060000
00060001
00060002
00060003
00060004
00060005
0000002A
00000000
00000001
00000002
00000003
00000004
00000005
00010000
00010001
00010002
00010003
00010004
00010005
00020000
00020001
00020002
00020003
00020004
00020005
00030000
00030001
00030002
00030003
00030004
00020005
00040000
00040001
00040002
00040003
00040004
00040005
00050000
00050001
00050002
00050003
00050004
00050005
00060000
00060001
00060002
00060003
00060004
00060005
0000002B
00000000
00000001
00000002
00000003
00000004
00000005
00010000
00010001
00010002
00010003
00010004
00010005
00020000
00020001
00020002
00020003
00020004
00020005
00030000
00030001
00030002
00030003
00020004
00030005
00040000
00040001
00040002
00040003
00040004
00040005
00050000
00050001
00050002
00050003
00050004
00050005
00060000
00060001
00060001
00060003
00060004
00060005
0000002C
00000000
00000001
00000002
00000003
00000004
00000005
00000000
00000000
00010002
00010003
00010004
00010005
00000000
00020001
00020002
00020003
00020004
00020005
00030000
00030001
00030002
00030003
00030004
00030005
00040000
00040001
00040002
00040003
00040004
00040005
00050000
00050001
00050002
00050003
00050004
00050005
00060000
00060001
00060002
00060003
00060004
00060005
0000002D
00000000
00000001
00000002
00000003
00000004
00000005
00000000
00000000
00010002
00010003
00010004
00010005
00000000
00020001
00020002
00020003
00020004
00020005
00030000
00030001
00030002
00030003
00030004
00030005
00040000
00040001
00040002
00040003
00040004
00040005
00050000
00050001
00050002
00050003
00050004
00050005
00060000
00060001
00060002
00060003
00060004
00060005
0000002E
00000000
00000001
00000002
00000003
00000004
00000005
00010000
00010001
00010002
00010003
00010004
00010005
00020000
00020001
00020001
00020003
00020004
00020005
00030000
00030001
00030002
00030003
00030004
00030005
00040000
00040001
00040002
00040003
00040004
00040005
00050000
00050001
00050002
00050003
00050004
00050005
00060000
00060001
00060002
00060003
00060004
00060005
0000002F
00000000
00000001
00000002
00000003
00000004
00000005
00000000
00000000
00010002
00010003
00010004
00010005
00000000
00020001
00020002
00020003
00020004
00020005
00030000
00030001
00030002
00030003
00030004
00030005
00040000
00040001
00040002
00040003
00040004
00040005
00050000
00050001
00050002
00050003
00050004
00050005
00060000
00060001
00060002
00060003
00060004
00060005
00000030
00000000
00000001
00000002
00000003
00000004
00000005
00010000
00010001
00010001
00010003
00010004
00010005
00020000
00020001
00020002
00020003
00020004
00020005
00030000
00030001
00030002
00030003
00030004
00030005
00040000
00040001
00040002
00040003
00040004
00040005
00050000
00050001
00050002
00050003
00050004
00050005
00060000
00060001
00060002
00060003
00060004
00060005
00000031
00000000
00000001
00000002
00000003
00000004
00000005
00010000
00010001
00010002
00010003
00010004
00010005
00020000
00020001
00020002
00020003
00020004
00020005
00030000
00030001
00030002
00030003
00030004
00030005
00040000
00040001
00040002
00040003
00040004
00040005
00050000
00050001
00050002
00050003
00050004
00050005
00060000
00060001
00060002
00060003
00060004
00060004
00000032
00000000
00000001
00000002
00000003
00000004
00000005
00010000
00010001
00010002
00010003
00010004
00010005
00020000
00020001
00020002
00020003
00020004
00020005
00030000
00030001
00030002
00030003
00030004
00030005
00040000
00040001
00040002
00030003
00040004
00040005
00050000
00050001
00050002
00050003
00050004
00050005
00060000
00060001
00060002
00060003
00060004
00060005
00000033
00000000
00000001
00000002
00000003
00000004
00000005
00010000
00010001
00010002
00010003
00010004
00010004
00020000
00020001
00020002
00020003
00020004
00020005
00030000
00030001
00030002
00030003
00030004
00030005
00040000
00040001
00040002
00040003
00040004
00040005
00050000
00050001
00050002
00050003
00050004
00050005
00060000
00060001
00060002
00060003
00060004
00060005
00000034
00000000
00000001
00000002
00000003
00000004
00000005
00010000
00010001
00010002
00010003
00010004
00010005
00020000
00020001
00020002
00020003
00020004
00020005
00030000
00030001
00030002
00030003
00030004
00030005
00040000
00040001
00040002
00040003
00040004
00040005
00040000
00040000
00050002
00050003
00050004
00050005
00040000
00060001
00060002
00060003
00060004
00060005
00000035
00000000
00000001
00000002
00000003
00000004
00000005
00010000
00010001
00010002
00010003
00010004
00010005
00020000
00020001
00020002
00020003
00020004
00020005
00030000
00030001
00030002
00030003
00020004
00030005
00040000
00040001
00040002
00040003
00040004
00040005
00050000
00050001
00050002
00050003
00050004
00050005
00060000
00060001
00060002
00060003
00060004
00060005
00000037
00000000
00000001
00000002
00000003
00000004
00000005
00010000
00010001
00010002
00010003
00010004
00010005
00020000
00020001
00020002
00020003
00020004
00020005
00030000
00030001
00030002
00030003
00030004
00030005
00040000
00040001
00040002
00040003
00040004
00040005
00050000
00050001
00050002
00050003
00050004
00050005
00060000
00060001
00060002
00060003
00060004
00050005
00000039
00000000
00000001
00000002
00000003
00000004
00000005
00010000
00010001
00010002
00010003
00010004
00010005
00020000
00020001
00020002
00020003
00020004
00020005
00030000
00030001
00030002
00030003
00030004
00030005
00040000
00040001
00040002
00040003
00040004
00040005
00050000
00050001
00050002
00050003
00050004
00050005
00060000
00060001
00060002
00060003
00050004
00060005
0000003A
00000000
00000001
00000002
00000003
00000004
00000005
00010000
00010001
00010002
00010003
00010004
00010005
00020000
00020001
00020002
00020003
00020004
00020005
00030000
00030001
00030002
00030003
00030004
00020005
00040000
00040001
00040002
00040003
00040004
00040005
00050000
00050001
00050002
00050003
00050004
00050005
00060000
00060001
00060002
00060003
00060004
00060005
0000003B
00000000
00000001
00000002
00000003
00000004
00000005
00010000
00010001
00010002
00010003
00010004
00010005
00020000
00020001
00020002
00020003
00020004
00020005
00030000
00030000
00030002
00030003
00030004
00030005
00040000
00040001
00040002
00040003
00040004
00040005
00050000
00050001
00050002
00050003
00050004
00050005
00060000
00060001
00060002
00060003
00060004
00060005
0000003C
00000000
00000001
00000001
00000001
00000004
00000005
00010000
00010001
00000001
00010003
00010004
00010005
00020000
00000001
00000001
00000001
00020004
00020005
00020000
00020000
00000001
00030003
00030004
00030005
00020000
00040001
00040002
00040003
00040004
00040005
00050000
00050001
00050002
00050003
00050004
00050005
00060000
00060001
00060002
00050003
00060004
00060005
0000003D
00000000
00000001
00000002
00000003
00000004
00000005
00010000
00010001
00000002
00010003
00010004
00010005
00020000
00020001
00020002
00020003
00020004
00020005
00030000
00030001
00030002
00030003
00030004
00030005
00040000
00040001
00040002
00040003
00040004
00040005
00050000
00050001
00050002
00050003
00050004
00050005
00060000
00060001
00060002
00060003
00060004
00060005
0000003E
00000000
00000001
00000002
00000003
00000004
00000005
00010000
00010001
00010002
00010003
00010004
00010005
00020000
00020000
00020000
00020003
00020004
00020005
00020000
00020000
00020000
00020000
00030004
00030005
00020000
00020000
00020000
00020000
00040004
00040005
00050000
00020000
00020000
00050003
00050004
00050005
00060000
00060001
00060002
00060003
00060004
00060005
0000003F
00000000
00000001
00000002
00000003
00000004
00000004
00010000
00010001
00010002
00010003
00010004
00000004
00010000
00010000
00020002
00020003
00020004
00020005
00010000
00030001
00030002
00030003
00030004
00030005
00040000
00040001
00040002
00040003
00040004
00040005
00040000
00050001
00050002
00050002
00050004
00050005
00060000
00060001
00060002
00060003
00060004
00060005
00000040
00000000
00000001
00000002
00000003
00000004
00000005
00010000
00010001
00010002
00010003
00010004
00010005
00020000
00020001
00020002
00020003
00020004
00020005
00030000
00030001
00030002
00030003
00030004
00030004
00040000
00040001
00040002
00040003
00030004
00030004
00050000
00050001
00050002
00050003
00030004
00050005
00060000
00060001
00060002
00060003
00030004
00060005
00000041
00000000
00000001
00000002
00000003
00000004
00000005
00010000
00010001
00010002
00010003
00010004
00010005
00020000
00020001
00020002
00020003
00020004
00020005
00030000
00030001
00030002
00030003
00030004
00030005
00040000
00040001
00040002
00040003
00040004
00040005
00050000
00050001
00050002
00050003
00050003
00050005
00060000
00060001
00050003
00050003
00060004
00060005
00000042
00000000
00000001
00000002
00000003
00000004
00000005
00010000
00010001
00010002
00010003
00010004
00010005
00020000
00020001
00020002
00020003
00020004
00020005
00030000
00030001
00020002
00030003
00030004
00030005
00040000
00040001
00040002
00040003
00040004
00040005
00050000
00050001
00050002
00050003
00050004
00050005
00060000
00060001
00060002
00060003
00060004
00060005
00000043
00000000
00000001
00000002
00000003
00000004
00000005
00010000
00010001
00010002
00010003
00010004
00010005
00020000
00020001
00020002
00020003
00020004
00020005
00030000
00030001
00020002
00030003
00030004
00030005
00040000
00040001
00040002
00040003
00040004
00040005
00050000
00050001
00050002
00050003
00050004
00050005
00060000
00060001
00060002
00060003
00060004
00060005
00000044
00000000
00000001
00000002
00000003
00000004
00000005
00010000
00010001
00010002
00010003
00010004
00010005
00020000
00020001
00020002
00020003
00020004
00020005
00030000
00030001
00030002
00030003
00030004
00030005
00040000
00040001
00040002
00040003
00040004
00040005
00050000
00040001
00050002
00050003
00050004
00050005
00060000
00060001
00060002
00060003
00060004
00060005
00000045
00000000
00000001
00000002
00000003
00000004
00000005
00010000
00010001
00010002
00010003
00010004
00010005
00020000
00020001
00020002
00020003
00020004
00020005
00030000
00030001
00030002
00020003
00030004
00030005
00040000
00040001
00040002
00040003
00040004
00040005
00050000
00050001
00050002
00050003
00050003
00050005
00060000
00060001
00060002
00060003
00060004
00060005
00000046
00000000
00000001
00000001
00000003
00000004
00000005
00010000
00010001
00010002
00010003
00000004
00010005
00020000
00020001
00020002
00020003
00000004
00020005
00030000
00030001
00030002
00030003
00000004
00030005
00040000
00040001
00040002
00040003
00040004
00040005
00050000
00050001
00050002
00050003
00050004
00050005
00060000
00060001
00060002
00060003
00060004
00060005
00000047
00000000
00000001
00000002
00000003
00000004
00000005
00010000
00010001
00010002
00010003
00010004
00010005
00020000
00020001
00020002
00020003
00010004
00020005
00030000
00030001
00030002
00030003
00030004
00030005
00040000
00040001
00040002
00040003
00040004
00040005
00050000
00050001
00050002
00050003
00050004
00050005
00060000
00060001
00060002
00060003
00060004
00060005
00000048
00000000
00000000
00000002
00000003
00000004
00000005
00000000
00010001
00010002
00010003
00010004
00010005
00020000
00020001
00020002
00020003
00020004
00020005
00030000
00030001
00030002
00030003
00030004
00030005
00040000
00040001
00040002
00040003
00040004
00040005
00050000
00050001
00050002
00050003
00050004
00050005
00060000
00060001
00060002
00060003
00060004
00060005
00000049
00000000
00000001
00000002
00000002
00000004
00000004
00000000
00010001
00010002
00010003
00010004
00000004
00020000
00020001
00020002
00020003
00020004
00020005
00030000
00030001
00030002
00030003
00030004
00030005
00040000
00040001
00040002
00040003
00040004
00040005
00050000
00050001
00050002
00050003
00050004
00050005
00060000
00060001
00060002
00060003
00060004
00060005
0000004A
00000000
00000001
00000002
00000003
00000004
00000005
00010000
00010001
00010002
00010003
00010004
00010005
00020000
00020001
00020002
00020003
00020003
00020005
00030000
00030001
00030002
00030003
00030004
00030005
00040000
00040001
00040002
00040003
00040004
00040005
00050000
00050001
00050002
00050003
00050004
00050005
00060000
00060001
00060002
00060003
00060004
00060005
0000004B
00000000
00000001
00000002
00000003
00000004
00000005
00010000
00010001
00010002
00010003
00000004
00010005
00020000
00020001
00020002
00020003
00020004
00020005
00020001
00020001
00020001
00030003
00030004
00030005
00020001
00020001
00020001
00040003
00040004
00040005
00020001
00020001
00050002
00050003
00050004
00050005
00060000
00060001
00060002
00060003
00060004
00060005
0000004C
00000000
00000001
00000002
00000003
00000004
00000004
00010000
00010001
00010002
00010003
00010004
00000004
00020000
00020001
00020002
00020003
00020004
00020005
00030000
00030001
00030002
00030003
00030004
00030005
00040000
00040001
00040002
00040003
00040004
00040005
00050000
00050001
00050002
00050003
00050004
00050005
00060000
00060001
00060002
00060003
00060004
00060005
0000004D
00000000
00000001
00000002
00000003
00000004
00000005
00010000
00010001
00000002
00010003
00010004
00010005
00020000
00020001
00020002
00020003
00020004
00020005
00030000
00030001
00030002
00030003
00030004
00030005
00040000
00040001
00040002
00040003
00040004
00040005
00050000
00050001
00050002
00050003
00050004
00050005
00060000
00060001
00060002
00060003
00060004
00060004
0000004E
00000000
00000001
00000002
00000003
00000004
00000005
00010000
00010001
00010002
00010003
00010004
00010005
00020000
00020001
00020002
00020003
00020004
00020005
00030000
00030001
00030002
00030003
00030004
00030005
00040000
00040001
00040002
00040003
00040004
00040005
00050000
00050001
00050002
00050003
00050004
00050005
00050000
00050000
00060002
00060003
00060004
00060005
0000004F
00000000
00000001
00000002
00000003
00000004
00000005
00010000
00010001
00010002
00010003
00010004
00010005
00020000
00020001
00020002
00020003
00020004
00020005
00030000
00030001
00030002
00030003
00030004
00030005
00040000
00040001
00040002
00040003
00040004
00040005
00050000
00050001
00050002
00050003
00050004
00050005
00060000
00060001
00060002
00060003
00060004
00050005
00000050
00000000
00000001
00000002
00000003
00000004
00000005
00010000
00010000
00010002
00010003
00010004
00010005
00010000
00020001
00020002
00020003
00020004
00020005
00010000
00030001
00030002
00030003
00030004
00030005
00040000
00040001
00040002
00040003
00040004
00040005
00050000
00050001
00050002
00050003
00050004
00050005
00060000
00060001
00060002
00060003
00060004
00060004
00000051
00000000
00000001
00000002
00000003
00000004
00000005
00010000
00010001
00010002
00010003
00000005
00000005
00020000
00020001
00020002
00020003
00020004
00000005
00030000
00030001
00030002
00030003
00030004
00030005
00040000
00040001
00040002
00040003
00040004
00040005
00050000
00050001
00050002
00050003
00050004
00050005
00060000
00060001
00060002
00060003
00050005
00050005
00000053
00000000
00000001
00000002
00000003
00000004
00000005
00010000
00010001
00010002
00010003
00010004
00010005
00020000
00020001
00020002
00020003
00020004
00020005
00030000
00030001
00030002
00030002
00030004
00030005
00040000
00040001
00040002
00040003
00040004
00040005
00050000
00050001
00050002
00050003
00050004
00050005
00060000
00060001
00060002
00060003
00060004
00060005
00000056
00000000
00000001
00000002
00000003
00000004
00000005
00000000
00000000
00010002
00010003
00010004
00010005
00000000
00020001
00020002
00020003
00020004
00020005
00030000
00030000
00030002
00030003
00030004
00030005
00040000
00040001
00040002
00040003
00040004
00040005
00050000
00050001
00050002
00050003
00050004
00050005
00060000
00060001
00060002
00060003
00060004
00060005
00000057
00000000
00000001
00000002
00000003
00000004
00000005
00010000
00010001
00010002
00010003
00010004
00010005
00020000
00020001
00020002
00020003
00020004
00020004
00030000
00030001
00030002
00030003
00030004
00030005
00040000
00040001
00040002
00040003
00040004
00040005
00040000
00040000
00050002
00050003
00050004
00040005
00040000
00060001
00060002
00060003
00060004
00060005
00000058
00000000
00000001
00000002
00000003
00000004
00000005
00010000
00010001
00010002
00010003
00010004
00010005
00020000
00020001
00020002
00020003
00020004
00020005
00030000
00030001
00030002
00030003
00030004
00030005
00040000
00040001
00040002
00040003
00040004
00040005
00050000
00050001
00050002
00050003
00050004
00050005
00060000
00060000
00060002
00060003
00060004
00060005
00000059
00000000
00000001
00000002
00000003
00000004
00000005
00010000
00010001
00010002
00010003
00010004
00010005
00020000
00020001
00020002
00020003
00020004
00020005
00030000
00030001
00030002
00030003
00030004
00030005
00040000
00040001
00040002
00040003
00040004
00040005
00050000
00050001
00050002
00050003
00050004
00050005
00060000
00060001
00060002
00060003
00050005
00050005
0000005A
00000000
00000001
00000002
00000003
00000004
00000004
00010000
00010001
00010002
00010003
00010004
00000004
00020000
00020001
00020002
00020003
00020004
00000004
00030000
00030001
00030002
00030003
00030004
00030005
00040000
00040000
00040002
00040003
00040004
00040005
00050000
00050001
00050002
00050003
00050004
00050005
00060000
00060001
00060002
00060003
00060004
00060005
0000005C
00000000
00000001
00000002
00000003
00000004
00000005
00010000
00010000
00010002
00010003
00010004
00010005
00020000
00020001
00020002
00020003
00020004
00020005
00030000
00030001
00030002
00030003
00030004
00030005
00040000
00040001
00040002
00040003
00040004
00040005
00050000
00050001
00050002
00050003
00040005
00040005
00060000
00060001
00060002
00060003
00060004
00040005
0000005D
00000000
00000001
00000002
00000002
00000004
00000005
00010000
00010000
00010002
00010003
00010004
00010005
00020000
00020001
00020002
00020003
00020004
00020005
00030000
00030001
00030002
00030003
00030004
00030005
00040000
00040001
00040002
00040003
00040004
00040005
00050000
00050000
00050002
00050003
00050004
00050005
00060000
00060001
00060002
00060003
00060004
00060005
0000005F
00000000
00000001
00000002
00000003
00000004
00000005
00010000
00010001
00010002
00010003
00010004
00010005
00020000
00020001
00020002
00020003
00020004
00020005
00030000
00030001
00030002
00030003
00030004
00030005
00040000
00040001
00040002
00040003
00040004
00040005
00050000
00050001
00050002
00050003
00050004
00050005
00060000
00060001
00060002
00060003
00050005
00050005
00000061
00000000
00000001
00000002
00000003
00000004
00000005
00010000
00010001
00010002
00010003
00010004
00010004
00020000
00020001
00020002
00020003
00020004
00020005
00030000
00030001
00030002
00030003
00030004
00030005
00040000
00040001
00040002
00040003
00040004
00040005
00050000
00050001
00050002
00050003
00050004
00050005
00060000
00060001
00060002
00060003
00060004
00060005
00000062
00000000
00000001
00000002
00000003
00000004
00000005
00010000
00010001
00010002
00010003
00010004
00010005
00020000
00020001
00020002
00020003
00020004
00020005
00020000
00030001
00030002
00030003
00030004
00030005
00040000
00040001
00040002
00040003
00040004
00040005
00050000
00050001
00050002
00050003
00050004
00050005
00060000
00060001
00060002
00060003
00060004
00060005
00000063
00000000
00000001
00000002
00000003
00000004
00000005
00010000
00010001
00010002
00010003
00010004
00010005
00020000
00020001
00020002
00020003
00020004
00020005
00030000
00030001
00030002
00030003
00030004
00030005
00040000
00040001
00040002
00040003
00040004
00040005
00050000
00050001
00050002
00050003
00050004
00040005
00060000
00060001
00060002
00060003
00060004
00060005
00000064
00000000
00000000
00000002
00000003
00000004
00000005
00010000
00010001
00010002
00010003
00010004
00010005
00020000
00020001
00020002
00020003
00020004
00020005
00030000
00030001
00030002
00030003
00030004
00030005
00040000
00040001
00040002
00040003
00040004
00040005
00050000
00050001
00050002
00050003
00050004
00050005
00060000
00060001
00060002
00060003
00060004
00060005
00000066
00000000
00000001
00000002
00000003
00000004
00000005
00010000
00010001
00010002
00010003
00000005
00000005
00020000
00020001
00020002
00020003
00020004
00000005
00030000
00030001
00030002
00030003
00030004
00030005
00040000
00040001
00040002
00040003
00040004
00040005
00050000
00050001
00050002
00050003
00050004
00050005
00060000
00060001
00060002
00060003
00060004
00060005
00000067
00000000
00000001
00000002
00000003
00000004
00000005
00010000
00010001
00010002
00010003
00010004
00010005
00020000
00020001
00020002
00020003
00020004
00020005
00030000
00030001
00030002
00030003
00030004
00030005
00040000
00040001
00040002
00040003
00040004
00040005
00040000
00050001
00050002
00050003
00050004
00050005
00060000
00060001
00060002
00060003
00060004
00060005
00000068
00000000
00000001
00000002
00000003
00000004
00000005
00010000
00010001
00010002
00010003
00010004
00010005
00020000
00020000
00020002
00020003
00020004
00020005
00030000
00030001
00030002
00030003
00030004
00030005
00040000
00040001
00040002
00040003
00040004
00040005
00050000
00050001
00050002
00050003
00050004
00050005
00060000
00060001
00060002
00060003
00060004
00060005
00000069
00000000
00000001
00000002
00000003
00000004
00000005
00010000
00010001
00010002
00010003
00010004
00010004
00020000
00020001
00020002
00020003
00020004
00020005
00030000
00030001
00030002
00030003
00030004
00030005
00040000
00040001
00040002
00040003
00040004
00040005
00050000
00050001
00050002
00050003
00050004
00050005
00060000
00060001
00060002
00060003
00060004
00060005
0000006B
00000000
00000001
00000002
00000003
00000004
00000005
00010000
00010000
00010002
00010003
00010004
00010005
00020000
00020001
00020002
00020003
00020004
00020005
00030000
00030001
00030002
00030003
00030004
00030005
00040000
00040001
00040002
00040003
00040004
00040005
00050000
00050001
00050002
00050003
00050004
00050005
00060000
00060001
00060002
00060003
00060004
00060005
0000006C
00000000
00000001
00000002
00000003
00000004
00000005
00010000
00010001
00010002
00010003
00010004
00010005
00020000
00020001
00020002
00020003
00020004
00020005
00030000
00030001
00030002
00030003
00030004
00030005
00040000
00040001
00040002
00040003
00040004
00040005
00050000
00050001
00050002
00050003
00050004
00050005
00060000
00060000
00060002
00060003
00060004
00060005
0000006D
00000000
00000001
00000002
00000003
00000004
00000005
00010000
00010001
00010002
00010003
00010004
00000005
00020000
00020001
00020002
00020003
00020004
00020005
00030000
00030001
00030002
00030003
00030004
00030005
00040000
00040001
00040002
00040003
00040004
00040005
00050000
00050000
00050002
00050003
00050004
00050005
00060000
00060001
00060002
00060003
00060004
00060005
0000006E
00000000
00000001
00000002
00000003
00000004
00000005
00010000
00010001
00010002
00010003
00010004
00010005
00020000
00010001
00020002
00020003
00010004
00020005
00030000
00030001
00030002
00030003
00030004
00030005
00040000
00040001
00040002
00040003
00040004
00040005
00050000
00050001
00050002
00050003
00050004
00050005
00060000
00060001
00060002
00060003
00060004
00060005
0000006F
00000000
00000001
00000002
00000003
00000004
00000005
00010000
00010001
00010001
00010003
00010004
00010005
00020000
00020001
00020002
00020003
00020004
00020005
00020000
00020000
00030002
00030003
00030004
00030005
00020000
00040001
00040002
00040003
00040004
00040005
00050000
00050001
00050002
00050003
00050004
00050005
00060000
00060001
00060002
00060002
00060004
00060005
00000070
00000000
00000001
00000002
00000003
00000003
00000005
00010000
00010001
00010002
00010003
00010004
00010005
00020000
00020001
00020002
00020003
00020004
00020005
00030000
00030001
00030002
00030003
00030004
00030005
00040000
00040001
00040002
00040003
00040004
00040005
00050000
00050001
00050002
00050003
00050004
00050004
00060000
00060001
00060002
00060003
00060004
00060005
00000071
00000000
00000001
00000002
00000003
00000004
00000005
00010000
00010001
00010002
00010003
00010003
00010005
00020000
00020001
00020002
00020003
00020004
00020005
00030000
00030001
00030002
00030003
00030004
00030005
00040000
00040001
00040002
00040003
00040004
00040005
00050000
00050001
00050002
00050003
00050004
00050005
00060000
00060001
00060002
00060003
00060004
00060005
00000072
00000000
00000001
00000002
00000003
00000004
00000005
00010000
00010001
00010002
00010003
00010004
00010005
00020000
00020001
00020002
00020003
00020004
00020005
00030000
00030001
00030002
00030003
00030004
00030005
00040000
00040001
00040001
00040001
00040004
00040005
00050000
00050001
00050002
00040001
00040001
00040001
00060000
00060001
00060002
00060003
00060004
00060005
00000073
00000000
00000001
00000002
00000003
00000004
00000005
00010000
00010001
00010002
00010003
00000004
00010005
00020000
00020001
00020002
00020003
00020004
00020005
00030000
00030001
00030002
00020003
00030004
00020005
00040000
00040001
00040002
00040003
00040004
00040005
00050000
00050001
00050002
00050003
00050004
00050005
00060000
00060001
00060002
00060003
00060004
00060005
00000074
00000000
00000001
00000002
00000003
00000004
00000004
00010000
00010001
00010002
00010003
00010004
00010005
00020000
00020001
00020002
00010003
00020004
00020005
00030000
00030001
00030002
00030003
00030004
00030005
00040000
00040001
00040002
00040003
00040004
00040005
00050000
00050001
00040002
00050003
00050004
00050005
00060000
00060001
00060002
00060003
00060004
00060005
00000075
00000000
00000001
00000002
00000003
00000004
00000005
00010000
00010001
00010002
00010003
00010004
00010005
00020000
00020001
00020002
00020003
00020004
00020005
00030000
00030001
00030002
00030003
00030004
00030005
00040000
00040001
00040002
00040003
00040004
00040005
00050000
00050001
00050002
00050003
00050004
00050005
00050000
00050000
00060002
00060003
00060004
00060005
00000077
00000000
00000001
00000002
00000003
00000004
00000004
00010000
00010001
00010002
00010003
00010004
00000004
00020000
00020001
00020002
00020003
00020004
00020005
00030000
00030001
00030002
00030003
00030004
00030005
00040000
00040001
00040002
00040003
00040004
00040005
00050000
00050001
00050002
00050003
00050004
00050005
00060000
00060001
00060002
00060003
00060004
00060005
00000078
00000000
00000001
00000002
00000003
00000004
00000005
00000000
00010001
00010002
00010003
00010004
00010005
00020000
00020001
00020002
00020003
00020004
00020005
00030000
00030001
00030002
00030003
00030004
00030005
00040000
00040001
00040002
00040003
00040004
00040005
00050000
00040001
00050002
00050003
00050004
00040005
00060000
00060001
00060002
00060003
00060004
00060005
00000079
00000000
00000001
00000002
00000003
00000004
00000005
00010000
00010001
00010002
00010003
00010004
00010005
00020000
00020001
00020002
00010003
00020004
00020005
00030000
00030000
00030002
00030003
00030004
00030005
00040000
00040001
00040002
00040003
00040004
00040005
00050000
00050001
00050002
00050003
00040005
00040005
00060000
00060001
00060002
00060003
00060004
00040005
0000007B
00000000
00000001
00000002
00000003
00000004
00000005
00010000
00010001
00010002
00010003
00010004
00010005
00020000
00020001
00020002
00020003
00020004
00020005
00030000
00030001
00030002
00030003
00030004
00030005
00040000
00040001
00040002
00040003
00040004
00040005
00050000
00050001
00050002
00050003
00050004
00050005
00060000
00060001
00060002
00060003
00060004
00050005
0000007C
00000000
00000001
00000002
00000003
00000004
00000005
00010000
00010001
00010002
00010003
00010004
00010005
00020000
00020001
00020002
00020003
00020004
00020005
00030000
00030001
00030002
00030003
00030004
00020005
00030000
00040001
00040002
00040003
00040004
00040005
00050000
00050001
00050002
00050003
00050004
00050005
00060000
00060001
00060002
00060003
00060004
00060005
0000007D
00000000
00000001
00000002
00000003
00000004
00000005
00010000
00010001
00010002
00010003
00010004
00010005
00020000
00020001
00020002
00020003
00020004
00020005
00030000
00030001
00030002
00030003
00030004
00030005
00040000
00040001
00040002
00040003
00040004
00040005
00050000
00050001
00050002
00050003
00050004
00050005
00060000
00050001
00060002
00060003
00060004
00060005
0000007E
00000000
00000001
00000001
00000001
00000001
00000005
00010000
00000001
00000001
00010003
00010004
00010005
00020000
00020001
00020002
00020003
00020004
00020005
00030000
00030001
00030002
00030003
00030004
00030005
00040000
00040001
00040002
00040003
00040004
00040005
00050000
00050001
00050002
00050003
00050004
00050005
00060000
00060001
00060002
00060003
00060004
00060005
0000007F
00000000
00000001
00000002
00000003
00000004
00000005
00010000
00010001
00010001
00010003
00010004
00010005
00020000
00020001
00020002
00020003
00020004
00020005
00030000
00030001
00030002
00030003
00030004
00030005
00040000
00040001
00040002
00040003
00040004
00040005
00050000
00040001
00050002
00050003
00050004
00050005
00060000
00060001
00060002
00060003
00060004
00060005
00000080
00000000
00000000
00000002
00000003
00000004
00000005
00010000
00010001
00010002
00010003
00010003
00010005
00020000
00020001
00020002
00020003
00020004
00020005
00030000
00030001
00030002
00030003
00030004
00030005
00040000
00040001
00040002
00040003
00040004
00040005
00050000
00050001
00050002
00050003
00050004
00050005
00060000
00060001
00060002
00060003
00060004
00060005
00000082
00000000
00000001
00000002
00000003
00000004
00000005
00010000
00010001
00010002
00010003
00010004
00010005
00020000
00020001
00020002
00010003
00020004
00020005
00030000
00030001
00030002
00030003
00030004
00030005
00040000
00040001
00040002
00040003
00040004
00040005
00050000
00050001
00050002
00050003
00040004
00050005
00060000
00060001
00060002
00060003
00060004
00060005
00000083
00000000
00000001
00000002
00000003
00000004
00000005
00010000
00010001
00010002
00010003
00010004
00010005
00020000
00020001
00020002
00020003
00020004
00020005
00030000
00030001
00030002
00030003
00030004
00030005
00040000
00030001
00040002
00040003
00040004
00040005
00050000
00050001
00050002
00050003
00050004
00050005
00060000
00060001
00060002
00050003
00060004
00060005
00000084
00000000
00000001
00000002
00000003
00000004
00000004
00010000
00010001
00010002
00010003
00010004
00000004
00020000
00020001
00020002
00020003
00020004
00020005
00030000
00030001
00030002
00030003
00030004
00030005
00040000
00040001
00040002
00040003
00040004
00040005
00050000
00050001
00050002
00050003
00050004
00050005
00060000
00060001
00060001
00060003
00060004
00060005
00000085
00000000
00000001
00000002
00000003
00000004
00000005
00010000
00010001
00010002
00010003
00000005
00000005
00010000
00010000
00020002
00020003
00020004
00000005
00010000
00030001
00030002
00030003
00030004
00030004
00040000
00040001
00040002
00040003
00040004
00040005
00050000
00050001
00050002
00050003
00050004
00050005
00060000
00060001
00060002
00060003
00060004
00060005
00000086
00000000
00000001
00000002
00000003
00000004
00000005
00010000
00010001
00010002
00010003
00010004
00010005
00020000
00020001
00020002
00020003
00020003
00020005
00030000
00030001
00030002
00030003
00030004
00030005
00040000
00040001
00040002
00040003
00040004
00040005
00050000
00050001
00050002
00050003
00050004
00050005
00060000
00060001
00060002
00060003
00060004
00060005
00000087
00000000
00000001
00000002
00000003
00000004
00000005
00010000
00010001
00010002
00010003
00010004
00010004
00020000
00020001
00020002
00010004
00010004
00010004
00030000
00030001
00030002
00030003
00010004
00010004
00040000
00040001
00040002
00040003
00040004
00010004
00050000
00040001
00050002
00050003
00050004
00050005
00060000
00060001
00060002
00060003
00060004
00060005
00000088
00000000
00000001
00000002
00000003
00000004
00000005
00000000
00000000
00010002
00010003
00010004
00010005
00000000
00020001
00020002
00020003
00020004
00010005
00030000
00030001
00030002
00030003
00030004
00030005
00040000
00040001
00040002
00040003
00040004
00040005
00050000
00050001
00050002
00050003
00050004
00050005
00050000
00060001
00060002
00060003
00060004
00060005
00000089
00000000
00000001
00000002
00000003
00000004
00000005
00010000
00010001
00010002
00010003
00010004
00010005
00010000
00020001
00020002
00020003
00020004
00020005
00030000
00030001
00030002
00030003
00030004
00030005
00030000
00030000
00040002
00040003
00040004
00040005
00030000
00050001
00040002
00050003
00050004
00050005
00060000
00060001
00040002
00040002
00060004
00060005
0000008A
00000000
00000001
00000002
00000003
00000004
00000004
00010000
00010001
00010002
00010003
00010004
00000004
00020000
00020001
00020002
00010003
00020004
00020005
00030000
00030001
00030002
00030003
00030004
00030005
00040000
00040001
00040002
00040003
00040004
00040005
00050000
00050001
00050002
00050003
00050004
00050005
00060000
00060001
00060002
00060003
00060004
00060005
0000008B
00000000
00000001
00000002
00000003
00000004
00000005
00010000
00010001
00010002
00010003
00010004
00010005
00020000
00020001
00020001
00020003
00020004
00020005
00030000
00030001
00030002
00030003
00030004
00030005
00040000
00040001
00040002
00040003
00040004
00040005
00050000
00050000
00050002
00050003
00050004
00050005
00060000
00060001
00060002
00060003
00060004
00060005
0000008C
00000000
00000001
00000002
00000003
00000004
00000005
00010000
00010001
00010002
00010003
00010004
00010005
00020000
00020001
00020002
00020003
00020004
00020005
00030000
00030001
00030002
00030003
00030004
00030005
00040000
00040001
00040002
00040003
00040004
00040005
00040000
00040000
00050002
00050003
00050004
00050004
00040000
00040000
00040000
00060003
00060004
00060005
0000008D
00000000
00000001
00000002
00000003
00000004
00000005
00010000
00010001
00010002
00010003
00010004
00010005
00020000
00020001
00010002
00020003
00020004
00020005
00030000
00030001
00030002
00030003
00030004
00030005
00040000
00040000
00040002
00040003
00040004
00040005
00050000
00050001
00050002
00050003
00050004
00050005
00060000
00060001
00060002
00060003
00060004
00060005
0000008E
00000000
00000001
00000002
00000003
00000004
00000005
00010000
00010001
00010002
00010003
00010004
00010005
00020000
00020001
00020002
00020003
00020004
00020005
00030000
00030001
00030002
00030003
00030004
00030005
00040000
00040001
00040002
00040003
00040004
00040005
00050000
00050001
00050002
00050003
00050004
00050005
00060000
00060001
00060002
00060003
00050004
00060005
0000008F
00000000
00000001
00000002
00000003
00000004
00000005
00010000
00010001
00010002
00010003
00010004
00010005
00020000
00020001
00020002
00020003
00020004
00020005
00030000
00030001
00030002
00030003
00030004
00030005
00040000
00040001
00030002
00040003
00040004
00040005
00050000
00050001
00050002
00050003
00050004
00050005
00060000
00060001
00060002
00060003
00060004
00060005
00000090
00000000
00000001
00000002
00000003
00000004
00000005
00010000
00010001
00010002
00010003
00010004
00010005
00020000
00020001
00020002
00020003
00020004
00020005
00030000
00030001
00030002
00030003
00030003
00030005
00040000
00040001
00040002
00040003
00040004
00040005
00050000
00050001
00050002
00050003
00050004
00050005
00060000
00060001
00060002
00060003
00060004
00060005
00000091
00000000
00000001
00000002
00000003
00000004
00000005
00010000
00010001
00010002
00010003
00000004
00010005
00020000
00020001
00020002
00020003
00020004
00020005
00030000
00030001
00030002
00030003
00030004
00030005
00040000
00040001
00040002
00040003
00040004
00040005
00050000
00050001
00050002
00050003
00050004
00050005
00060000
00060001
00060002
00060003
00060004
00060005
00000092
00000000
00000001
00000002
00000003
00000004
00000005
00010000
00010001
00010002
00010003
00010004
00010005
00020000
00020001
00020002
00020003
00020004
00020005
00030000
00030001
00030002
00030003
00030004
00030005
00040000
00040001
00040002
00040003
00040004
00040005
00050000
00050001
00050002
00050003
00050003
00050005
00060000
00060001
00060002
00060003
00060004
00060005
00000093
00000000
00000001
00000001
00000001
00000004
00000005
00000001
00010001
00000001
00010003
00010004
00010005
00000001
00000001
00000001
00000001
00020004
00020005
00000001
00030001
00000001
00030003
00030004
00030005
00040000
00040001
00040002
00040003
00040004
00040005
00050000
00050001
00050002
00050003
00050004
00050005
00060000
00060001
00060002
00060003
00060004
00060005
00000094
00000000
00000001
00000002
00000003
00000004
00000005
00010000
00010001
00010002
00010003
00010004
00010005
00020000
00020001
00020002
00020003
00020004
00020005
00030000
00030001
00030002
00030003
00030004
00030005
00040000
00040001
00040002
00040003
00040004
00030005
00050000
00050001
00050002
00050003
00050004
00050005
00060000
00060001
00060002
00060003
00060004
00060005
00000095
00000000
00000001
00000002
00000003
00000004
00000005
00010000
00010001
00010002
00010002
00010004
00000005
00020000
00020001
00020002
00020003
00020004
00020005
00030000
00030001
00030002
00030003
00030004
00030005
00040000
00040001
00040002
00040003
00040004
00040005
00050000
00050001
00050002
00050003
00050004
00050005
00060000
00060001
00060002
00060003
00050004
00060005
00000096
00000000
00000001
00000002
00000003
00000004
00000005
00010000
00010001
00010002
00010003
00010004
00010005
00020000
00020001
00020002
00020003
00020004
00020005
00030000
00030001
00030002
00030003
00030003
00030005
00040000
00040001
00040002
00040003
00040004
00040005
00050000
00050001
00050002
00050003
00050004
00050005
00060000
00060001
00060002
00060003
00060004
00060005
00000098
00000000
00000001
00000002
00000003
00000004
00000005
00010000
00010001
00010002
00010003
00010004
00010005
00010000
00020001
00020002
00020003
00020004
00020005
00030000
00030001
00030002
00030003
00030004
00030005
00040000
00040001
00040002
00040003
00040004
00040005
00050000
00050001
00050002
00050003
00050004
00050005
00060000
00060001
00060002
00060003
00060004
00060005
00000099
00000000
00000001
00000002
00000003
00000004
00000005
00010000
00010001
00010001
00010003
00010004
00010005
00020000
00020001
00020002
00020003
00010004
00010004
00030000
00030001
00030002
00030003
00010004
00010004
00040000
00040001
00040002
00040003
00010004
00040005
00050000
00050001
00050002
00050003
00050004
00050005
00060000
00060000
00060002
00060003
00060004
00060004
0000009A
00000000
00000001
00000001
00000003
00000004
00000005
00010000
00010001
00010002
00010003
00010004
00010005
00020000
00020001
00020002
00020003
00020004
00020005
00030000
00030001
00030002
00030003
00030004
00030005
00040000
00040001
00040002
00040003
00040004
00040005
00050000
00050001
00050002
00050003
00050004
00050005
00060000
00060001
00060002
00060003
00060004
00060005
0000009B
00000000
00000001
00000002
00000003
00000004
00000005
00010000
00010001
00010002
00010003
00010004
00010005
00010000
00020001
00020002
00020003
00020004
00020005
00030000
00030001
00030002
00030003
00030004
00030005
00040000
00040001
00040002
00040003
00040004
00040005
00050000
00050001
00050002
00050003
00050004
00050005
00060000
00060001
00060002
00060003
00060004
00060004
0000009C
00000000
00000000
00000000
00000000
00000000
00000000
00000000
00010001
00000000
00000000
00000000
00000000
00020000
00020001
00020002
00020002
00000000
00000000
00030000
00030001
00030002
00000000
00000000
00000000
00040000
00040001
00000000
00000000
00000000
00000000
00040000
00040000
00050002
00000000
00000000
00000000
00040000
00060001
00050002
00060003
00000000
00060005
0000009D
00000000
00000000
00000000
00000000
00000000
00000000
00000000
00000000
00000000
00000000
00000000
00000000
00000000
00000000
00000000
00000000
00000000
00000000
00000000
00000000
00000000
00000000
00000000
00000000
00000000
00000000
00000000
00000000
00000000
00000000
00000000
00000000
00000000
00000000
00000000
00000000
00000000
00000000
00000000
00000000
00000000
00000000
0000009E
00000000
00000000
00000002
00000003
00000004
00000005
00000000
00000000
00000000
00000003
00000003
00010005
00000000
00000000
00000000
00000003
00020004
00020005
00030000
00000000
00030002
00000003
00030004
00020005
00030000
00030000
00040002
00000003
00000003
00040005
00030000
00030000
00050002
00000003
00000003
00050005
00030000
00030000
00060002
00000003
00050005
00050005
0000009F
00000000
00000001
00000002
00000003
00000003
00000003
00010000
00010001
00010002
00000003
00000003
00000003
00020000
00020000
00020002
00000003
00000003
00000003
00000003
00000003
00000003
00000003
00000003
00000003
00000003
00000003
00000003
00000003
00000003
00000003
00000003
00000003
00000003
00000003
00000003
00000003
00000003
00000003
00000003
00000003
00000003
00060005
000000A0
00000000
00000000
00000002
00000003
00000003
00000003
00000003
00000003
00000003
00000003
00000003
00000003
00000003
00000003
00000003
00000003
00000003
00000003
00000003
00000003
00000003
00000003
00000003
00000003
00040000
00000003
00040002
00000003
00000003
00000003
00000003
00000003
00000003
00000003
00000003
00000003
00000003
00000003
00000003
00000003
00000003
00000003
000000A1
00000000
00000000
00000000
00000003
00000000
00000000
00000000
00000000
00000000
00000000
00000000
00000000
00000000
00000000
00000000
00000000
00000000
00000000
00000000
00000000
00000000
00000000
00000000
00000000
00000000
00000000
00000000
00000000
00000000
00000000
00000000
00000000
00000000
00000000
00000000
00000000
00000000
00060001
00000000
00000000
00000000
00000000
000000A2
00000000
00000001
00000002
00000002
00000002
00000002
00010000
00010001
00000002
00000002
00000002
00000002
00010000
00010000
00000002
00000002
00000002
00000002
00010000
00030001
00000002
00000002
00000002
00000002
00040000
00040000
00000002
00000002
00000002
00000002
00050000
00050001
00000002
00000002
00000002
00000002
00060000
00060001
00060001
00000002
00060004
00000002
000000A3
00000000
00000000
00000000
00000000
00000000
00000000
00000000
00010001
00000000
00000000
00000000
00000000
00020000
00020000
00020002
00020003
00020004
00000000
00030000
00030001
00020003
00020003
00020003
00030005
00030000
00030000
00020003
00020003
00040004
00040005
00030000
00020003
00020003
00050003
00040005
00040005
00020003
00020003
00020003
00060003
00060004
00040005
000000A4
00000000
00000001
00000002
00000002
00000002
00000002
00000000
00010001
00000002
00000002
00000002
00000002
00020000
00020001
00000002
00000002
00000002
00000002
00030000
00000002
00000002
00000002
00000002
00030005
00040000
00040000
00000002
00000002
00000002
00000002
00040000
00040000
00040000
00000002
00000002
00000002
00040000
00040000
00040000
00040000
00000002
00000002
000000A5
00000000
00000000
00000002
00000002
00000004
00000005
00000000
00000000
00010002
00000002
00000002
00000002
00000000
00000000
00000000
00000002
00020004
00000002
00000000
00000000
00000000
00030003
00000002
00000002
00040000
00000000
00040002
00040003
00000002
00040005
00050000
00050000
00050000
00050000
00050004
00050005
00050000
00060001
00050000
00060003
00060004
00060005
000000A6
00000000
00000000
00000000
00000000
00000004
00000004
00000000
00010001
00000000
00010003
00010001
00000004
00010001
00010001
00010001
00010001
00010001
00010001
00010001
00010001
00010001
00010001
00010001
00010001
00010001
00010001
00010001
00010001
00010001
00010001
00010001
00010001
00010001
00010001
00010001
00010001
00010001
00010001
00010001
00010001
00060004
00060005
000000A7
00000000
00000000
00000000
00000000
00000000
00000000
00000000
00000000
00000000
00000000
00000000
00000000
00000000
00000000
00000000
00000000
00000000
00000000
00000000
00000000
00000000
00000000
00000000
00000000
00000000
00000000
00000000
00000000
00000000
00000000
00000000
00000000
00000000
00000000
00000000
00000000
00000000
00000000
00000000
00000000
00000000
00000000
000000A8
00000000
00000001
00000002
00000003
00000004
00000004
00000000
00000000
00010002
00010003
00010004
00000004
00020000
00000000
00000000
00000000
00000000
00020005
00030000
00000000
00030002
00030003
00030004
00030005
00040000
00040001
00040002
00040003
00040004
00040005
00050000
00050001
00050002
00050003
00050004
00050005
00050000
00050000
00050000
00060003
00060004
00060005
000000A9
00000000
00000000
00000002
00000002
00000002
00000002
00010000
00010001
00010002
00000002
00000002
00000002
00020000
00000002
00000002
00000002
00000002
00000002
00000002
00000002
00000002
00000002
00000002
00000002
00000002
00000002
00000002
00000002
00000002
00000002
00000002
00000002
00000002
00000002
00000002
00050005
00000002
00000002
00000002
00000002
00000002
00000002
000000AA
00000000
00000000
00000000
00000000
00000000
00000000
00000000
00000000
00000000
00000000
00000000
00000000
00000000
00000000
00000000
00000000
00000000
00020005
00000000
00000000
00000000
00000000
00000000
00000000
00000000
00000000
00000000
00000000
00000000
00000000
00050000
00050001
00050002
00000000
00000000
00000000
00060000
00060000
00060000
00060000
00060000
00060000
000000AB
00000000
00000001
00000002
00000003
00000004
00000005
00010000
00010001
00000002
00000002
00000002
00010005
00010000
00010000
00020002
00000002
00000002
00020005
00010000
00030001
00030002
00030003
00000002
00000002
00040000
00040001
00040001
00040001
00040004
00040005
00040001
00040001
00040001
00050003
00040005
00040005
00060000
00060001
00060002
00060003
00060004
00040005
000000AD
00000000
00000001
00000001
00000001
00000004
00000001
00000000
00010001
00000001
00000001
00000001
00000001
00000000
00000000
00000001
00000001
00000001
00000001
00030000
00000001
00000001
00000001
00000001
00000001
00040000
00040001
00000001
00000001
00000001
00000001
00040000
00040000
00050002
00000001
00000001
00000001
00040000
00040000
00040000
00000001
00000001
00000001
000000AE
00000000
00000001
00000002
00000003
00000003
00000003
00010000
00010001
00000003
00000003
00000003
00000003
00010000
00010000
00020002
00000003
00000003
00000003
00030000
00010000
00010000
00010000
00000003
00000003
00000003
00040001
00000003
00000003
00000003
00000003
00000003
00000003
00000003
00000003
00000003
00000003
00000003
00060001
00000003
00000003
00000003
00000003
000000AF
00000000
00000000
00000000
00000000
00000000
00000000
00000000
00000000
00000000
00000000
00000000
00010005
00000000
00000000
00000000
00000000
00000000
00010005
00000000
00030001
00000000
00000000
00000000
00030005
00000000
00000000
00000000
00000000
00000000
00040005
00000000
00000000
00000000
00000000
00000000
00040005
00000000
00000000
00000000
00000000
00060004
00060005
000000B0
00000000
00000000
00000000
00000000
00000004
00000005
00000000
00000000
00000000
00010003
00010004
00010005
00000000
00000000
00010003
00010003
00020004
00020005
00000000
00030001
00010003
00010003
00010003
00030005
00040000
00040001
00040002
00010003
00010003
00040005
00050000
00050001
00050002
00010003
00050004
00010003
00050000
00060001
00010003
00010003
00010003
00010003
000000B1
00000000
00000000
00000000
00000000
00000000
00000000
00000000
00000000
00000000
00000000
00000000
00000000
00000000
00000000
00000000
00000000
00000000
00000000
00000000
00000000
00000000
00000000
00000000
00000000
00000000
00000000
00000000
00000000
00000000
00040005
00000000
00000000
00000000
00000000
00000000
00040005
00000000
00000000
00000000
00000000
00060004
00060005
000000B2
00000000
00000000
00000002
00000000
00000000
00000000
00000000
00000000
00000000
00000000
00000000
00000000
00000000
00000000
00000000
00000000
00000000
00000000
00000000
00000000
00000000
00000000
00000000
00000000
00040000
00000000
00000000
00000000
00000000
00040005
00000000
00000000
00000000
00050003
00050004
00040005
00060000
00000000
00060002
00060003
00060003
00060005
000000B3
00000000
00000000
00000000
00000000
00000000
00000000
00000000
00000000
00000000
00000000
00000000
00000000
00020000
00000000
00000000
00000000
00000000
00000000
00030000
00030000
00000000
00000000
00000000
00000000
00030000
00030000
00000000
00000000
00000000
00000000
00050000
00030000
00030000
00000000
00000000
00000000
00030000
00030000
00060002
00000000
00000000
00000000
000000B4
00000000
00000000
00000000
00000003
00000004
00000005
00000000
00000000
00010002
00010003
00010004
00010004
00000000
00020001
00020002
00020003
00020004
00020005
00000000
00000000
00000000
00000000
00020005
00020005
00000000
00000000
00000000
00000000
00000000
00020005
00000000
00000000
00000000
00000000
00000000
00050005
00000000
00000000
00000000
00000000
00000000
00000000
000000B5
00000000
00000001
00000002
00000003
00000004
00000005
00010000
00010001
00010002
00010003
00010004
00010004
00020000
00020001
00020002
00020003
00010004
00010004
00030000
00030001
00020002
00020002
00030004
00030005
00020002
00020002
00020002
00040003
00040004
00040005
00050000
00050001
00050002
00050003
00050004
00050005
00060000
00050003
00050003
00050003
00060004
00050005
000000B6
00000000
00000001
00000001
00000003
00000001
00000001
00000001
00000001
00000001
00000001
00000001
00000001
00000001
00000001
00000001
00020003
00000001
00020005
00000001
00000001
00000001
00000001
00020005
00020005
00000001
00000001
00000001
00000001
00000001
00020005
00050000
00050001
00000001
00000001
00050004
00050004
00060000
00050001
00000001
00000001
00000001
00060005
000000B7
00000000
00000001
00000002
00000003
00000004
00000004
00000000
00000000
00010002
00010002
00010004
00000004
00000000
00020001
00010002
00010002
00020004
00020005
00030000
00030001
00030002
00030003
00030004
00030005
00030000
00030000
00040002
00040003
00030005
00030005
00030000
00050001
00050002
00030005
00050004
00030005
00060000
00050001
00030005
00030005
00030005
00030005
000000B8
00000000
00000001
00000001
00000003
00000004
00000003
00000000
00000000
00000003
00000003
00000003
00000003
00000000
00020001
00000003
00000003
00000003
00000003
00020001
00020001
00020001
00000003
00000003
00000003
00040000
00020001
00020001
00020001
00040004
00000003
00040000
00020001
00020001
00020001
00020001
00050005
00040000
00040000
00020001
00020001
00060004
00050005
000000B9
00000000
00000001
00000002
00000002
00000002
00000002
00010000
00010000
00010000
00010003
00010004
00010005
00010000
00010000
00010000
00010000
00020004
00010000
00010000
00010000
00010000
00030003
00010000
00010000
00010000
00010000
00010000
00010000
00040004
00010000
00010000
00010000
00010000
00010000
00010000
00010000
00010000
00010000
00010000
00010000
00010000
00010000